41,20,10.000000,50.000000,1.000000
10,0.056638,40,40,-9.4143e-08,5.7615e-06,-4.4432e-05,-8.2167e-35,1.5881e-33,-9.4143e-08,9.3014e-06,-0.00025683,-1.301e-18,0.056638
10,0.050974,40,40,1.0078e-07,-9.6554e-06,0.00025683,2.1684e-19,-1.423e-18,-1.0078e-07,9.6554e-06,-0.00025683,-3.1883e-21,0.050974
10,0.04531,40,40,-1.0742e-07,7.1775e-06,-8.6911e-05,0,-2.0098e-17,1.0742e-07,-7.1775e-06,8.6911e-05,-4.4883e-21,0.04531
10,0.039647,40,40,1.1405e-07,-1.0363e-05,0.00025683,-2.1684e-19,-1.1045e-18,1.1405e-07,-7.8854e-06,0.00010815,-5.15e-21,0.039647
10,0.033983,20,40,-4.8848e-09,-8.3003e-06,0.00025292,0,-1.2872e-19,1.2069e-07,-8.5934e-06,0.00012939,-4.7879e-21,0.033983
10,0.028319,20,20,-1.1108e-07,-2.6365e-06,0.00016796,0,-2.9271e-18,-1.1108e-07,1.1523e-05,-0.00025683,0,0.028319
10,0.022655,20,20,-2.1728e-07,3.0273e-06,8.3003e-05,0,-5.7255e-18,2.1728e-07,-3.0273e-06,-8.3003e-05,0,0.022655
10,0.016991,20,20,-3.2347e-07,8.6911e-06,-1.9539e-06,0,-8.5238e-18,3.2347e-07,-8.6911e-06,1.9539e-06,-1.0842e-19,0.016991
10,0.011328,20,20,-4.2967e-07,1.4355e-05,-8.6911e-05,0,1.852e-17,-4.2967e-07,2.0019e-05,-0.00025683,0,0.011328
10,0.0056638,20,20,5.3587e-07,-2.2851e-05,0.00025683,0,1.8635e-18,-5.3587e-07,2.2851e-05,-0.00025683,0,0.0056638
10,-0.056638,40,40,-6.7278e-08,7.1522e-06,-0.00021384,5.6016e-23,4.6815e-22,9.4143e-08,-9.3014e-06,0.00025683,1.301e-18,-0.056638
10,-0.050974,40,40,-1.0078e-07,9.6554e-06,-0.00025683,0,-1.4366e-18,1.0078e-07,-9.6554e-06,0.00025683,2.3331e-20,-0.050974
10,-0.04531,40,40,-1.0742e-07,1.0009e-05,-0.00025683,0,8.4839e-18,-1.0742e-07,7.1775e-06,-8.6911e-05,4.4883e-21,-0.04531
10,-0.039647,40,40,-1.1405e-07,1.0363e-05,-0.00025683,2.1684e-19,-1.1181e-18,-1.1405e-07,7.8854e-06,-0.00010815,5.15e-21,-0.039647
10,-0.033983,20,20,4.8848e-09,8.3003e-06,-0.00025292,0,1.2872e-19,-4.8848e-09,-8.3003e-06,0.00025292,1.6941e-21,-0.033983
10,-0.028319,20,20,1.1108e-07,2.6365e-06,-0.00016796,0,2.9271e-18,-1.1108e-07,-2.6365e-06,0.00016796,0,-0.028319
10,-0.022655,20,20,-2.1728e-07,1.4355e-05,-0.00025683,0,-7.4539e-18,-2.1728e-07,3.0273e-06,8.3003e-05,-1.0842e-19,-0.022655
10,-0.016991,20,20,3.2347e-07,-8.6911e-06,1.9539e-06,0,8.5238e-18,-3.2347e-07,8.6911e-06,-1.9539e-06,1.0842e-19,-0.016991
10,-0.011328,20,20,-4.2967e-07,2.0019e-05,-0.00025683,0,6.5594e-18,-4.2967e-07,1.4355e-05,-8.6911e-05,0,-0.011328
10,-0.0056638,20,20,-5.3587e-07,2.2851e-05,-0.00025683,0,-1.8635e-18,-5.3587e-07,2.0019e-05,-0.00017187,0,-0.0056638
11,0.046808,40,40,-5.4781e-08,2.9197e-06,1.1612e-07,-5.0553e-32,-2.3352e-33,-5.4781e-08,5.8452e-06,-0.00017542,5.0524e-17,0.046808
11,0.042127,40,40,6.0266e-08,-6.1378e-06,0.00017542,-2.1684e-19,-1.1791e-18,-6.0266e-08,6.1378e-06,-0.00017542,-2.1684e-19,0.042127
11,0.037447,40,60,6.5752e-08,-6.4303e-06,0.00017542,-1.0842e-19,-1.0435e-18,-4.0058e-08,5.1537e-06,-0.00017542,-2.1684e-19,0.037447
11,0.032766,40,60,7.1237e-08,-6.7229e-06,0.00017542,-2.2775e-20,-5.6937e-22,-4.1142e-08,5.2404e-06,-0.00017542,1.0842e-19,0.032766
11,0.028085,40,40,7.6722e-08,-7.0154e-06,0.00017542,-1.0842e-19,-7.8605e-19,7.6722e-08,-5.2601e-06,7.0096e-05,-3.7081e-21,0.028085
11,0.023404,40,40,-8.2208e-08,5.8452e-06,-8.7649e-05,3.0548e-21,-2.1512e-20,8.2208e-08,-5.8452e-06,8.7649e-05,-1.0842e-19,0.023404
11,0.018723,20,20,-8.7475e-08,-1.1818e-06,0.00010543,1.0842e-19,2.8474e-17,-8.7475e-08,8.1798e-06,-0.00017542,0,0.018723
11,0.014042,20,20,-1.7524e-07,3.499e-06,3.5222e-05,0,-4.6178e-18,1.7524e-07,-3.499e-06,-3.5222e-05,0,0.014042
11,0.0093617,20,20,-2.6301e-07,8.1798e-06,-3.499e-05,0,1.5098e-17,-2.6301e-07,1.2861e-05,-0.00017542,0,0.0093617
11,0.0046808,20,20,-3.5077e-07,1.2861e-05,-0.0001052,0,7.6504e-18,-3.5077e-07,1.5201e-05,-0.00017542,0,0.0046808
11,-0.046808,40,40,-5.4781e-08,5.8452e-06,-0.00017542,6.6174e-24,1.8601e-22,5.4781e-08,-5.8452e-06,0.00017542,-5.0524e-17,-0.046808
11,-0.042127,60,40,-2.4115e-08,3.2839e-06,-0.00012192,0,9.3736e-21,-6.0266e-08,3.5048e-06,-1.7437e-05,0,-0.042127
11,-0.037447,40,40,-6.5752e-08,6.4303e-06,-0.00017542,1.0842e-19,-1.0571e-18,-6.5752e-08,4.0899e-06,-3.499e-05,0,-0.037447
11,-0.032766,40,40,-7.1237e-08,6.7229e-06,-0.00017542,4.3368e-19,-4.1335e-18,-7.1237e-08,4.675e-06,-5.2543e-05,2.1684e-19,-0.032766
11,-0.028085,40,40,-7.6722e-08,7.0154e-06,-0.00017542,1.0842e-19,-7.9282e-19,-7.6722e-08,5.2601e-06,-7.0096e-05,3.7487e-21,-0.028085
11,-0.023404,40,40,8.2208e-08,-5.8452e-06,8.7649e-05,-3.4784e-21,2.1512e-20,-8.2208e-08,5.8452e-06,-8.7649e-05,1.0842e-19,-0.023404
11,-0.018723,20,20,8.7475e-08,1.1818e-06,-0.00010543,-1.0842e-19,2.8501e-17,-8.7475e-08,-1.1818e-06,0.00010543,1.0842e-19,-0.018723
11,-0.014042,20,20,1.7524e-07,-3.499e-06,-3.5222e-05,0,4.6178e-18,-1.7524e-07,3.499e-06,3.5222e-05,0,-0.014042
11,-0.0093617,20,20,-2.6301e-07,1.2861e-05,-0.00017542,0,4.0251e-18,-2.6301e-07,8.1798e-06,-3.499e-05,0,-0.0093617
11,-0.0046808,20,20,-3.5077e-07,1.5201e-05,-0.00017542,0,5.8953e-18,-3.5077e-07,1.2861e-05,-0.0001052,0,-0.0046808
12,0.039332,40,40,3.1317e-08,-3.7345e-06,0.00012385,0,-1.0978e-18,-3.1317e-08,3.7345e-06,-0.00012385,8.1098e-17,0.039332
12,0.035399,40,40,3.5926e-08,-3.9803e-06,0.00012385,-3.2526e-19,-9.8256e-19,-3.5926e-08,3.9803e-06,-0.00012385,0,0.035399
12,0.031466,40,40,4.0535e-08,-4.2261e-06,0.00012385,0,-8.8091e-19,-4.0535e-08,4.2261e-06,-0.00012385,-2.1684e-19,0.031466
12,0.027532,40,40,4.5145e-08,-4.472e-06,0.00012385,1.0842e-19,-7.6572e-19,-4.5145e-08,4.472e-06,-0.00012385,-1.0842e-19,0.027532
12,0.023599,40,40,-4.9754e-08,3.2428e-06,-3.5358e-05,2.1684e-19,3.0947e-17,-4.9754e-08,4.7178e-06,-0.00012385,-4.3368e-19,0.023599
12,0.019666,40,40,5.4363e-08,-4.9636e-06,0.00012385,0,-5.4888e-19,-5.4363e-08,4.9636e-06,-0.00012385,-2.1684e-19,0.019666
12,0.015733,20,20,1.4647e-08,-4.5191e-06,0.00012385,0,5.1771e-18,-1.4647e-08,4.5191e-06,-0.00012385,0,0.015733
12,0.0118,20,20,8.8394e-08,-6.4857e-06,0.00012385,0,3.8828e-18,-8.8394e-08,6.4857e-06,-0.00012385,0,0.0118
12,0.0078664,20,20,1.6214e-07,-8.4523e-06,0.00012385,0,2.5885e-18,-1.6214e-07,8.4523e-06,-0.00012385,0,0.0078664
12,0.0039332,20,20,2.3589e-07,-1.0419e-05,0.00012385,0,1.2943e-18,-2.3589e-07,1.0419e-05,-0.00012385,0,0.0039332
12,-0.039332,40,40,-3.1317e-08,3.7345e-06,-0.00012385,0,-1.1113e-18,3.1317e-08,-3.7345e-06,0.00012385,-8.1098e-17,-0.039332
12,-0.035399,40,40,-3.5926e-08,3.9803e-06,-0.00012385,4.3368e-19,-9.8933e-19,3.5926e-08,-3.9803e-06,0.00012385,0,-0.035399
12,-0.031466,40,40,-4.0535e-08,4.2261e-06,-0.00012385,1.0842e-19,-8.8769e-19,-4.0535e-08,2.2595e-06,-5.8588e-06,-1.0842e-19,-0.031466
12,-0.027532,40,40,-4.5145e-08,4.472e-06,-0.00012385,0,-7.7249e-19,-4.5145e-08,2.7512e-06,-2.0608e-05,0,-0.027532
12,-0.023599,40,40,-4.9754e-08,4.7178e-06,-0.00012385,1.0842e-19,-6.6407e-19,-4.9754e-08,3.2428e-06,-3.5358e-05,-3.2526e-19,-0.023599
12,-0.019666,40,40,-5.4363e-08,4.9636e-06,-0.00012385,0,-5.5565e-19,-5.4363e-08,3.7345e-06,-5.0107e-05,0,-0.019666
12,-0.015733,20,20,-1.4647e-08,4.5191e-06,-0.00012385,0,-5.1771e-18,-1.4647e-08,-3.3473e-06,0.00011214,0,-0.015733
12,-0.0118,20,20,-8.8394e-08,6.4857e-06,-0.00012385,0,-3.8828e-18,-8.8394e-08,5.8588e-07,5.3139e-05,0,-0.0118
12,-0.0078664,20,20,-1.6214e-07,8.4523e-06,-0.00012385,0,-2.5885e-18,-1.6214e-07,4.5191e-06,-5.8588e-06,0,-0.0078664
12,-0.0039332,20,20,-2.3589e-07,1.0419e-05,-0.00012385,0,-1.2943e-18,-2.3589e-07,8.4523e-06,-6.4857e-05,-1.0842e-19,-0.0039332
13,0.033514,40,40,1.6927e-08,-2.4015e-06,8.9922e-05,-1.0842e-19,-9.3512e-19,-1.6927e-08,2.4015e-06,-8.9922e-05,3.0815e-33,0.033514
13,0.030162,40,40,2.0855e-08,-2.6109e-06,8.9922e-05,-1.0842e-19,-8.4026e-19,-2.0855e-08,2.6109e-06,-8.9922e-05,0,0.030162
13,0.026811,40,40,2.4782e-08,-2.8204e-06,8.9922e-05,-2.1684e-19,-7.4539e-19,-2.4782e-08,2.8204e-06,-8.9922e-05,1.0842e-19,0.026811
13,0.02346,40,40,2.8709e-08,-3.0299e-06,8.9922e-05,0,-6.5391e-19,-2.8709e-08,3.0299e-06,-8.9922e-05,-1.0842e-19,0.02346
13,0.020108,40,40,3.2637e-08,-3.2393e-06,8.9922e-05,-1.0842e-19,-5.6243e-19,-3.2637e-08,3.2393e-06,-8.9922e-05,0,0.020108
13,0.016757,40,40,3.6564e-08,-3.4488e-06,8.9922e-05,-5.421e-20,-4.6756e-19,-3.6564e-08,3.4488e-06,-8.9922e-05,1.0842e-19,0.016757
13,0.013405,40,40,-4.0492e-08,2.8204e-06,-3.9651e-05,1.0842e-19,2.5187e-17,-4.0492e-08,3.6582e-06,-8.9922e-05,-1.0842e-19,0.013405
13,0.010054,20,20,3.629e-08,-3.9651e-06,8.9922e-05,0,3.3136e-18,-3.629e-08,3.9651e-06,-8.9922e-05,0,0.010054
13,0.0067027,20,20,-9.9128e-08,2.2894e-06,1.0619e-05,0,-2.6121e-18,-9.9128e-08,5.6408e-06,-8.9922e-05,0,0.0067027
13,0.0033514,20,20,1.6197e-07,-7.3165e-06,8.9922e-05,0,1.1045e-18,1.6197e-07,-5.6408e-06,3.9651e-05,2.7105e-20,0.0033514
13,-0.033514,40,40,-1.6927e-08,2.4015e-06,-8.9922e-05,1.0842e-19,-9.419e-19,1.6927e-08,-2.4015e-06,8.9922e-05,-3.0815e-33,-0.033514
13,-0.030162,40,40,-2.0855e-08,2.6109e-06,-8.9922e-05,1.0842e-19,-8.4703e-19,2.0855e-08,-2.6109e-06,8.9922e-05,0,-0.030162
13,-0.026811,40,40,-2.4782e-08,2.8204e-06,-8.9922e-05,2.1684e-19,-7.5217e-19,2.4782e-08,-2.8204e-06,8.9922e-05,-1.0842e-19,-0.026811
13,-0.02346,40,40,-2.8709e-08,3.0299e-06,-8.9922e-05,1.0842e-19,-6.6069e-19,2.8709e-08,-3.0299e-06,8.9922e-05,1.0842e-19,-0.02346
13,-0.020108,40,40,-3.2637e-08,3.2393e-06,-8.9922e-05,1.0842e-19,-5.6921e-19,-3.2637e-08,1.9826e-06,-1.4516e-05,0,-0.020108
13,-0.016757,40,40,-3.6564e-08,3.4488e-06,-8.9922e-05,5.421e-20,-4.7095e-19,-3.6564e-08,2.4015e-06,-2.7084e-05,-4.3368e-19,-0.016757
13,-0.013405,40,40,-4.0492e-08,3.6582e-06,-8.9922e-05,1.0842e-19,-3.7608e-19,-4.0492e-08,2.8204e-06,-3.9651e-05,2.1684e-19,-0.013405
13,-0.010054,20,20,-3.629e-08,3.9651e-06,-8.9922e-05,0,-3.3136e-18,-3.629e-08,-1.0619e-06,6.089e-05,-2.1684e-19,-0.010054
13,-0.0067027,20,20,9.9128e-08,-2.2894e-06,-1.0619e-05,0,2.6121e-18,-9.9128e-08,2.2894e-06,1.0619e-05,0,-0.0067027
13,-0.0033514,20,20,-1.6197e-07,7.3165e-06,-8.9922e-05,0,-1.1045e-18,-1.6197e-07,5.6408e-06,-3.9651e-05,-2.7105e-20,-0.0033514
14,0.028897,40,40,7.9199e-09,-1.5366e-06,6.6854e-05,9.8608e-32,-3.4513e-31,7.9199e-09,2.6944e-07,-4.151e-05,0,0.028897
14,0.026007,40,40,-1.1306e-08,9.1776e-08,3.0674e-05,0,9.9888e-18,1.1306e-08,-9.1776e-08,-3.0674e-05,0,0.026007
14,0.023118,40,40,-1.4693e-08,4.5299e-07,1.9837e-05,0,1.2981e-17,-1.4693e-08,1.8978e-06,-6.6854e-05,-1.0842e-19,0.023118
14,0.020228,40,40,1.8079e-08,-2.0784e-06,6.6854e-05,-1.0842e-19,-5.6582e-19,-1.8079e-08,2.0784e-06,-6.6854e-05,0,0.020228
14,0.017338,40,60,-2.1465e-08,1.1754e-06,-1.8355e-06,0,1.4749e-17,1.4557e-08,-1.5863e-06,3.7957e-05,5.421e-20,0.017338
14,0.014448,40,40,-2.4852e-08,1.5366e-06,-1.2672e-05,0,1.7076e-17,-2.4852e-08,2.4397e-06,-6.6854e-05,0,0.014448
14,0.011559,60,40,-1.5895e-08,1.8004e-06,-4.7589e-05,0,-1.1426e-18,-2.8238e-08,2.6203e-06,-6.6854e-05,0,0.011559
14,0.0086691,20,20,-4.5888e-09,-1.9837e-06,6.3183e-05,0,-1.2092e-19,4.5888e-09,1.9837e-06,-6.3183e-05,0,0.0086691
14,0.0057794,20,20,-5.8771e-08,9.0598e-07,1.9837e-05,0,-1.5487e-18,-5.8771e-08,3.7957e-06,-6.6854e-05,0,0.0057794
14,0.0028897,20,20,-1.1295e-07,3.7957e-06,-2.3508e-05,0,4.6045e-18,-1.1295e-07,5.2405e-06,-6.6854e-05,0,0.0028897
14,-0.028897,40,40,-7.9199e-09,1.5366e-06,-6.6854e-05,-2.9582e-31,3.5129e-31,-7.9199e-09,-2.6944e-07,4.151e-05,0,-0.028897
14,-0.026007,40,40,1.1306e-08,-9.1776e-08,-3.0674e-05,0,-9.9888e-18,-1.1306e-08,9.1776e-08,3.0674e-05,0,-0.026007
14,-0.023118,40,40,1.4693e-08,-4.5299e-07,-1.9837e-05,0,-1.2981e-17,1.4693e-08,-1.8978e-06,6.6854e-05,1.0842e-19,-0.023118
14,-0.020228,40,40,1.8079e-08,-8.142e-07,-9.0008e-06,0,-1.5972e-17,1.8079e-08,-2.0784e-06,6.6854e-05,0,-0.020228
14,-0.017338,60,60,1.4557e-08,-1.5863e-06,3.7957e-05,-5.421e-20,-1.7127e-18,-1.4557e-08,1.5863e-06,-3.7957e-05,-5.421e-20,-0.017338
14,-0.014448,40,40,-2.4852e-08,2.4397e-06,-6.6854e-05,0,2.1345e-18,-2.4852e-08,1.5366e-06,-1.2672e-05,0,-0.014448
14,-0.011559,60,40,1.5895e-08,-1.8004e-06,4.7589e-05,-2.7105e-20,-1.1426e-18,-2.8238e-08,1.8978e-06,-2.3508e-05,0,-0.011559
14,-0.0086691,20,20,4.5888e-09,1.9837e-06,-6.3183e-05,0,2.3649e-17,-4.5888e-09,-1.9837e-06,6.3183e-05,1.6941e-21,-0.0086691
14,-0.0057794,20,20,5.8771e-08,-9.0598e-07,-1.9837e-05,0,1.5487e-18,-5.8771e-08,9.0598e-07,1.9837e-05,0,-0.0057794
14,-0.0028897,20,20,-1.1295e-07,5.2405e-06,-6.6854e-05,0,4.0658e-20,-1.1295e-07,3.7957e-06,-2.3508e-05,0,-0.0028897
15,0.025172,40,40,2.2078e-09,-9.6327e-07,5.0731e-05,-1.0842e-19,4.2013e-19,2.2078e-09,6.1001e-07,-4.3666e-05,-5.838e-34,0.025172
15,0.022655,40,40,5.1577e-09,-1.1206e-06,5.0731e-05,-2.1684e-19,-6.3019e-19,-5.1577e-09,1.1206e-06,-5.0731e-05,1.3553e-20,0.022655
15,0.020138,40,40,8.1076e-09,-1.2779e-06,5.0731e-05,-1.0842e-19,-5.6243e-19,8.1076e-09,-1.9298e-08,-2.4787e-05,0,0.020138
15,0.017621,40,40,-1.1058e-08,3.3395e-07,1.5347e-05,0,9.7691e-18,1.1058e-08,-3.3395e-07,-1.5347e-05,2.7105e-19,0.017621
15,0.015103,40,40,1.4007e-08,-1.5926e-06,5.0731e-05,-5.421e-20,-4.2013e-19,1.4007e-08,-6.4861e-07,-5.9072e-06,5.421e-20,0.015103
15,0.012586,40,60,1.6957e-08,-1.7499e-06,5.0731e-05,5.421e-20,-3.4898e-19,-1.1178e-08,1.458e-06,-5.0731e-05,1.5777e-30,0.012586
15,0.010069,40,40,1.9907e-08,-1.9072e-06,5.0731e-05,-5.421e-20,-2.8121e-19,-1.9907e-08,1.9072e-06,-5.0731e-05,0,0.010069
15,0.0075517,40,40,2.2857e-08,-2.0646e-06,5.0731e-05,-2.7105e-20,-2.1006e-19,-2.2857e-08,2.0646e-06,-5.0731e-05,0,0.0075517
15,0.0050345,20,20,3.243e-08,-2.5558e-06,5.0731e-05,0,1.6568e-18,3.243e-08,-3.8596e-08,-2.4787e-05,0,0.0050345
15,0.0025172,20,20,-7.9629e-08,2.5558e-06,-1.2972e-05,0,6.8847e-18,-7.9629e-08,3.8145e-06,-5.0731e-05,0,0.0025172
15,-0.025172,40,40,-2.2078e-09,9.6327e-07,-5.0731e-05,1.0842e-19,-4.2013e-19,-2.2078e-09,-6.1001e-07,4.3666e-05,5.838e-34,-0.025172
15,-0.022655,40,40,-5.1577e-09,1.1206e-06,-5.0731e-05,4.0826e-21,1.0206e-22,-5.1577e-09,-2.9536e-07,3.4226e-05,-2.7105e-20,-0.022655
15,-0.020138,40,40,-8.1076e-09,1.2779e-06,-5.0731e-05,1.0842e-19,-5.6921e-19,-8.1076e-09,1.9298e-08,2.4787e-05,0,-0.020138
15,-0.017621,40,40,1.1058e-08,-3.3395e-07,-1.5347e-05,0,-9.7691e-18,-1.1058e-08,3.3395e-07,1.5347e-05,2.7105e-20,-0.017621
15,-0.015103,40,40,-1.4007e-08,1.5926e-06,-5.0731e-05,1.0842e-19,-4.2352e-19,-1.4007e-08,6.4861e-07,5.9072e-06,-5.421e-20,-0.015103
15,-0.012586,60,40,1.1178e-08,-1.2249e-06,2.9754e-05,2.7105e-20,6.5476e-19,-1.6957e-08,9.6327e-07,-3.5325e-06,0,-0.012586
15,-0.010069,40,40,-1.9907e-08,1.9072e-06,-5.0731e-05,5.421e-20,-2.846e-19,-1.9907e-08,1.2779e-06,-1.2972e-05,0,-0.010069
15,-0.0075517,40,40,-2.2857e-08,2.0646e-06,-5.0731e-05,5.421e-20,-2.1176e-19,-2.2857e-08,1.5926e-06,-2.2412e-05,0,-0.0075517
15,-0.0050345,20,20,-3.243e-08,2.5558e-06,-5.0731e-05,0,-1.6568e-18,-3.243e-08,3.8596e-08,2.4787e-05,0,-0.0050345
15,-0.0025172,20,20,-7.9629e-08,3.8145e-06,-5.0731e-05,0,1.3383e-18,-7.9629e-08,2.5558e-06,-1.2972e-05,0,-0.0025172
16,0.022124,60,60,-5.7643e-09,4.8686e-07,-2.3147e-06,-3.1338e-35,-2.0838e-35,5.1912e-09,-4.1809e-07,2.5148e-07,1.6213e-22,0.022124
16,0.019912,40,40,1.1586e-09,-7.1493e-07,3.9188e-05,0,-3.4288e-18,-1.1586e-09,7.1493e-07,-3.9188e-05,1.0842e-19,0.019912
16,0.017699,40,40,3.7513e-09,-8.5321e-07,3.9188e-05,0,-3.0493e-18,3.7513e-09,2.53e-07,-2.7184e-05,0,0.017699
16,0.015487,40,40,-6.344e-09,2.355e-08,1.8888e-05,0,5.6047e-18,6.344e-09,-2.355e-08,-1.8888e-05,0,0.015487
16,0.013275,40,40,-8.9367e-09,3.001e-07,1.0591e-05,0,7.8953e-18,8.9367e-09,-3.001e-07,-1.0591e-05,0,0.013275
16,0.011062,40,40,1.1529e-08,-1.268e-06,3.9188e-05,0,-1.9058e-18,-1.1529e-08,1.268e-06,-3.9188e-05,-5.421e-20,0.011062
16,0.0088497,40,40,1.4122e-08,-1.4063e-06,3.9188e-05,0,-1.5247e-18,-1.4122e-08,1.4063e-06,-3.9188e-05,0,0.0088497
16,0.0066373,40,40,-1.6715e-08,1.1298e-06,-1.4299e-05,0,-1.6737e-18,-1.6715e-08,1.5446e-06,-3.9188e-05,0,0.0066373
16,0.0044248,20,20,-1.5005e-08,-5.0601e-07,2.7184e-05,0,-3.954e-19,1.5005e-08,5.0601e-07,-2.7184e-05,0,0.0044248
16,0.0022124,20,20,-5.6488e-08,1.7064e-06,-6.0021e-06,0,3.5321e-18,-5.6488e-08,2.8126e-06,-3.9188e-05,0,0.0022124
16,-0.022124,60,60,5.7643e-09,-4.8686e-07,2.3147e-06,3.1338e-35,2.0838e-35,-5.1912e-09,4.1809e-07,-2.5148e-07,-1.6213e-22,-0.022124
16,-0.019912,40,40,1.1586e-09,5.2956e-07,-3.5481e-05,0,-1.0236e-18,-1.1586e-09,-5.2956e-07,3.5481e-05,0,-0.019912
16,-0.017699,40,40,3.7513e-09,2.53e-07,-2.7184e-05,0,-3.3142e-18,-3.7513e-09,-2.53e-07,2.7184e-05,0,-0.017699
16,-0.015487,40,40,6.344e-09,-2.355e-08,-1.8888e-05,0,-5.6047e-18,-6.344e-09,2.355e-08,1.8888e-05,0,-0.015487
16,-0.013275,40,40,8.9367e-09,-3.001e-07,-1.0591e-05,0,-7.8953e-18,-8.9367e-09,3.001e-07,1.0591e-05,-5.421e-20,-0.013275
16,-0.011062,40,40,1.1529e-08,-5.7666e-07,-2.2945e-06,0,-1.0186e-17,-1.1529e-08,5.7666e-07,2.2945e-06,0,-0.011062
16,-0.0088497,40,40,-1.4122e-08,1.4063e-06,-3.9188e-05,0,1.5247e-18,-1.4122e-08,8.5321e-07,-6.0021e-06,-5.421e-20,-0.0088497
16,-0.0066373,40,40,-1.6715e-08,1.5446e-06,-3.9188e-05,0,1.7483e-18,-1.6715e-08,1.1298e-06,-1.4299e-05,-5.421e-20,-0.0066373
16,-0.0044248,20,20,1.5005e-08,5.0601e-07,-2.7184e-05,0,3.954e-19,-1.5005e-08,-5.0601e-07,2.7184e-05,1.3553e-20,-0.0044248
16,-0.0022124,20,20,-5.6488e-08,2.8126e-06,-3.9188e-05,0,8.6397e-19,-5.6488e-08,1.7064e-06,-6.0021e-06,-1.3553e-20,-0.0022124
17,0.019598,60,60,2.5339e-09,-4.8553e-07,2.5454e-05,-4.2804e-32,3.5823e-19,4.005e-09,-2.9914e-07,-1.9135e-06,7.5232e-37,0.019598
17,0.017638,60,80,-4.4587e-09,3.7173e-07,-1.3529e-06,-3.6081e-21,-8.705e-19,3.1947e-09,-4.4225e-07,1.2178e-05,0,0.017638
17,0.015678,40,40,-8.4554e-10,-4.2231e-07,2.8044e-05,0,7.4701e-19,-8.4554e-10,5.5759e-07,-3.075e-05,0,0.015678
17,0.013719,40,40,3.1422e-09,-6.8008e-07,3.075e-05,0,-2.3649e-18,3.1422e-09,1.7733e-07,-2.0695e-05,0,0.013719
17,0.011759,40,40,-5.4388e-09,6.7643e-08,1.3346e-05,0,4.8051e-18,-5.4388e-09,8.0257e-07,-3.075e-05,0,0.011759
17,0.009799,40,40,-7.7354e-09,3.1262e-07,5.9964e-06,0,6.8341e-18,-7.7354e-09,9.2505e-07,-3.075e-05,0,0.009799
17,0.0078392,40,40,-1.0032e-08,5.5759e-07,-1.3529e-06,0,-8.4991e-18,-1.0032e-08,1.0475e-06,-3.075e-05,0,0.0078392
17,0.0058794,40,40,-1.2329e-08,8.0257e-07,-8.7021e-06,0,-1.2333e-18,-1.2329e-08,1.17e-06,-3.075e-05,0,0.0058794
17,0.0039196,20,20,3.3821e-09,-1.1152e-06,3.075e-05,0,1.2875e-18,-3.3821e-09,1.1152e-06,-3.075e-05,0,0.0039196
17,0.0019598,20,20,4.0128e-08,-2.0951e-06,3.075e-05,0,6.4375e-19,-4.0128e-08,2.0951e-06,-3.075e-05,0,0.0019598
17,-0.019598,60,60,-2.5339e-09,4.8553e-07,-2.5454e-05,4.2804e-32,-3.5823e-19,-4.005e-09,2.9914e-07,1.9135e-06,-7.5232e-37,-0.019598
17,-0.017638,60,60,4.4587e-09,-3.7173e-07,1.3529e-06,3.6106e-21,8.705e-19,-4.4587e-09,3.7173e-07,-1.3529e-06,1.0842e-19,-0.017638
17,-0.015678,40,40,8.4554e-10,4.2231e-07,-2.8044e-05,0,-7.4701e-19,-8.4554e-10,-4.2231e-07,2.8044e-05,0,-0.015678
17,-0.013719,40,40,3.1422e-09,1.7733e-07,-2.0695e-05,0,-2.776e-18,-3.1422e-09,-1.7733e-07,2.0695e-05,-1.3553e-20,-0.013719
17,-0.011759,40,40,-5.4388e-09,8.0257e-07,-3.075e-05,0,2.0261e-18,5.4388e-09,-8.0257e-07,3.075e-05,-5.421e-20,-0.011759
17,-0.009799,40,40,-7.7354e-09,9.2505e-07,-3.075e-05,0,1.689e-18,-7.7354e-09,3.1262e-07,5.9964e-06,0,-0.009799
17,-0.0078392,40,40,-1.0032e-08,1.0475e-06,-3.075e-05,0,1.3519e-18,-1.0032e-08,5.5759e-07,-1.3529e-06,0,-0.0078392
17,-0.0058794,40,40,-1.2329e-08,1.17e-06,-3.075e-05,0,1.2926e-18,-1.2329e-08,8.0257e-07,-8.7021e-06,0,-0.0058794
17,-0.0039196,20,20,-3.3821e-09,1.1152e-06,-3.075e-05,0,-1.2875e-18,-3.3821e-09,-8.4461e-07,2.8044e-05,0,-0.0039196
17,-0.0019598,20,20,-4.0128e-08,2.0951e-06,-3.075e-05,0,-6.4375e-19,-4.0128e-08,1.1152e-06,-1.3529e-06,-1.3553e-20,-0.0019598
18,0.017481,60,60,-2.7494e-09,1.6806e-07,4.6697e-06,4.9514e-21,6.6465e-20,-2.7494e-09,4.9178e-07,-2.4465e-05,1.0985e-48,0.017481
18,0.015733,60,60,-3.154e-09,2.3281e-07,1.7562e-06,-3.2132e-21,-7.7647e-19,-3.154e-09,5.2416e-07,-2.4465e-05,-2.7105e-20,0.015733
18,0.013985,60,60,-3.5587e-09,2.9755e-07,-1.1573e-06,-6.4332e-21,-1.5529e-18,-3.5587e-09,5.5653e-07,-2.4465e-05,-2.7105e-20,0.013985
18,0.012237,40,40,9.5092e-10,-4.5847e-07,2.4465e-05,0,-2.1074e-18,-9.5092e-10,4.5847e-07,-2.4465e-05,0,0.012237
18,0.010489,40,40,2.9995e-09,-5.6772e-07,2.4465e-05,0,-1.8059e-18,-2.9995e-09,5.6772e-07,-2.4465e-05,0,0.010489
18,0.0087404,40,40,5.048e-09,-6.7698e-07,2.4465e-05,0,-1.506e-18,5.048e-09,-1.307e-07,-8.3115e-06,0,0.0087404
18,0.0069924,40,40,-7.0965e-09,3.4921e-07,1.7562e-06,0,6.2696e-18,-7.0965e-09,7.8623e-07,-2.4465e-05,0,0.0069924
18,0.0052443,40,40,9.1451e-09,-8.9549e-07,2.4465e-05,0,-9.0294e-19,-9.1451e-09,8.9549e-07,-2.4465e-05,0,0.0052443
18,0.0034962,40,40,-1.1194e-08,7.8623e-07,-1.1354e-05,0,-1.1198e-18,-1.1194e-08,1.0047e-06,-2.4465e-05,0,0.0034962
18,0.0017481,20,20,2.8386e-08,-1.5725e-06,2.4465e-05,0,5.7429e-19,-2.8386e-08,1.5725e-06,-2.4465e-05,0,0.0017481
18,-0.017481,60,60,2.7494e-09,-1.6806e-07,-4.6697e-06,-4.9514e-21,-6.6465e-20,2.7494e-09,-4.9178e-07,2.4465e-05,-1.0985e-48,-0.017481
18,-0.015733,60,60,3.154e-09,-2.3281e-07,-1.7562e-06,3.2156e-21,7.7647e-19,-3.154e-09,2.3281e-07,1.7562e-06,0,-0.015733
18,-0.013985,60,60,-3.5587e-09,5.5653e-07,-2.4465e-05,0,5.0178e-18,3.5587e-09,-5.5653e-07,2.4465e-05,2.7105e-20,-0.013985
18,-0.012237,40,40,-9.5092e-10,4.5847e-07,-2.4465e-05,0,2.1074e-18,9.5092e-10,-4.5847e-07,2.4465e-05,-5.421e-20,-0.012237
18,-0.010489,40,40,-2.9995e-09,5.6772e-07,-2.4465e-05,0,1.8059e-18,2.9995e-09,-5.6772e-07,2.4465e-05,-5.421e-20,-0.010489
18,-0.0087404,40,40,-5.048e-09,6.7698e-07,-2.4465e-05,0,1.506e-18,-5.048e-09,1.307e-07,8.3115e-06,0,-0.0087404
18,-0.0069924,40,40,7.0965e-09,-3.4921e-07,-1.7562e-06,0,-6.2696e-18,-7.0965e-09,3.4921e-07,1.7562e-06,0,-0.0069924
18,-0.0052443,40,40,-9.1451e-09,8.9549e-07,-2.4465e-05,0,-1.5619e-18,9.1451e-09,-8.9549e-07,2.4465e-05,0,-0.0052443
18,-0.0034962,40,40,-1.1194e-08,1.0047e-06,-2.4465e-05,0,6.0309e-19,-1.1194e-08,7.8623e-07,-1.1354e-05,0,-0.0034962
18,-0.0017481,20,20,-2.8386e-08,1.5725e-06,-2.4465e-05,0,-5.7429e-19,2.8386e-08,-1.5725e-06,2.4465e-05,0,-0.0017481
19,0.015689,60,60,-1.8424e-09,7.5822e-08,6.4416e-06,5.7718e-59,1.9207e-60,-1.8424e-09,3.6636e-07,-1.9707e-05,-3.2526e-19,0.015689
19,0.01412,60,80,-2.2056e-09,1.3393e-07,3.8267e-06,-1.6263e-19,-9.7612e-18,2.045e-09,-2.7205e-07,6.4693e-06,1.3553e-20,0.01412
19,0.012551,60,60,-2.5688e-09,1.9204e-07,1.2118e-06,-5.7532e-21,-1.3938e-18,-2.5688e-09,4.2447e-07,-1.9707e-05,0,0.012551
19,0.010982,60,60,2.932e-09,-4.5353e-07,1.9707e-05,0,3.9429e-18,-2.932e-09,4.5353e-07,-1.9707e-05,0,0.010982
19,0.0094135,40,40,1.2855e-09,-3.9701e-07,1.9707e-05,0,-1.6212e-18,1.2855e-09,1.9133e-07,-1.5594e-05,-7.8886e-31,0.0094135
19,0.0078446,40,40,3.1241e-09,-4.9507e-07,1.9707e-05,0,-1.3519e-18,-3.1241e-09,4.9507e-07,-1.9707e-05,0,0.0078446
19,0.0062757,40,40,4.9626e-09,-5.9313e-07,1.9707e-05,0,-1.0808e-18,4.9626e-09,-2.009e-07,-3.8267e-06,0,0.0062757
19,0.0047068,40,40,6.8012e-09,-6.9118e-07,1.9707e-05,0,-8.1061e-19,-6.8012e-09,6.9118e-07,-1.9707e-05,0,0.0047068
19,0.0031378,40,40,8.6398e-09,-7.8924e-07,1.9707e-05,0,-5.4041e-19,-8.6398e-09,7.8924e-07,-1.9707e-05,0,0.0031378
19,0.0015689,20,20,1.9851e-08,-1.1863e-06,1.9707e-05,0,5.1669e-19,1.9851e-08,-4.0179e-07,-3.8267e-06,0,0.0015689
19,-0.015689,60,60,1.8424e-09,-7.5822e-08,-6.4416e-06,6.3472e-36,1.4455e-33,1.8424e-09,-3.6636e-07,1.9707e-05,3.2526e-19,-0.015689
19,-0.01412,60,60,2.2056e-09,-1.3393e-07,-3.8267e-06,1.6263e-19,-9.7629e-18,-2.2056e-09,1.3393e-07,3.8267e-06,2.7105e-20,-0.01412
19,-0.012551,60,60,2.5688e-09,-1.9204e-07,-1.2118e-06,5.421e-20,-8.6787e-18,-2.5688e-09,1.9204e-07,1.2118e-06,8.1315e-20,-0.012551
19,-0.010982,60,60,-2.932e-09,4.5353e-07,-1.9707e-05,0,-5.3363e-20,-2.932e-09,2.5015e-07,-1.403e-06,-8.1315e-20,-0.010982
19,-0.0094135,40,40,-1.2855e-09,3.9701e-07,-1.9707e-05,0,1.6212e-18,-1.2855e-09,-1.9133e-07,1.5594e-05,3.3881e-21,-0.0094135
19,-0.0078446,40,40,-3.1241e-09,4.9507e-07,-1.9707e-05,0,1.3519e-18,-3.1241e-09,4.7803e-09,9.7102e-06,0,-0.0078446
19,-0.0062757,40,40,-4.9626e-09,5.9313e-07,-1.9707e-05,0,1.0808e-18,4.9626e-09,-5.9313e-07,1.9707e-05,0,-0.0062757
19,-0.0047068,40,40,-6.8012e-09,6.9118e-07,-1.9707e-05,0,8.1061e-19,-6.8012e-09,3.9701e-07,-2.0568e-06,0,-0.0047068
19,-0.0031378,40,40,-8.6398e-09,7.8924e-07,-1.9707e-05,0,-1.4738e-18,-8.6398e-09,5.9313e-07,-7.9402e-06,-2.7105e-20,-0.0031378
19,-0.0015689,20,20,-1.9851e-08,1.1863e-06,-1.9707e-05,0,-5.1669e-19,-1.9851e-08,4.0179e-07,3.8267e-06,0,-0.0015689
20,0.01416,60,60,-1.1811e-09,1.0626e-08,7.5476e-06,1.2251e-30,6.7379e-32,1.1811e-09,-1.0626e-08,-7.5476e-06,0,0.01416
20,0.012744,60,60,-1.5089e-09,6.3069e-08,5.1877e-06,-2.5956e-21,-6.2894e-19,1.5089e-09,-6.3069e-08,-5.1877e-06,2.7105e-20,0.012744
20,0.011328,60,60,-1.8366e-09,1.1551e-07,2.8278e-06,-5.2041e-21,-1.2579e-18,-1.8366e-09,3.2528e-07,-1.6052e-05,-5.421e-20,0.011328
20,0.0099117,60,60,-2.1644e-09,1.6795e-07,4.6786e-07,-2.7105e-20,-2.3166e-18,-2.1644e-09,3.515e-07,-1.6052e-05,0,0.0099117
20,0.0084957,40,40,7.6325e-11,-2.716e-07,1.6052e-05,0,-1.4637e-18,-7.6325e-11,2.716e-07,-1.6052e-05,2.7105e-20,0.0084957
20,0.0070798,40,40,-1.7356e-09,-8.2391e-08,1.0498e-05,0,1.5334e-18,-1.7356e-09,3.6009e-07,-1.6052e-05,-6.7763e-21,0.0070798
20,0.0056638,40,40,3.395e-09,-4.4859e-07,1.6052e-05,0,-9.7578e-19,-3.395e-09,4.4859e-07,-1.6052e-05,-1.3553e-20,0.0056638
20,0.0042479,40,40,5.0543e-09,-5.3709e-07,1.6052e-05,0,-7.3184e-19,5.0543e-09,-2.716e-07,1.2212e-07,0,0.0042479
20,0.0028319,40,40,-6.7136e-09,4.4859e-07,-5.4319e-06,0,-5.6861e-18,-6.7136e-09,6.2558e-07,-1.6052e-05,0,0.0028319
20,0.001416,20,20,-1.358e-08,1.8921e-07,5.1877e-06,0,-3.5784e-19,-1.358e-08,8.9718e-07,-1.6052e-05,0,0.001416
20,-0.01416,60,60,1.1811e-09,-1.0626e-08,-7.5476e-06,-1.2251e-30,-6.7379e-32,-1.1811e-09,1.0626e-08,7.5476e-06,0,-0.01416
20,-0.012744,60,60,1.5089e-09,-6.3069e-08,-5.1877e-06,2.5999e-21,6.2894e-19,-1.5089e-09,6.3069e-08,5.1877e-06,1.3553e-20,-0.012744
20,-0.011328,60,60,1.8366e-09,-1.1551e-07,-2.8278e-06,1.0842e-19,4.2521e-19,1.8366e-09,-3.2528e-07,1.6052e-05,5.421e-20,-0.011328
20,-0.0099117,60,60,2.1644e-09,-1.6795e-07,-4.6786e-07,2.7105e-20,-2.3183e-18,-2.1644e-09,1.6795e-07,4.6786e-07,0,-0.0099117
20,-0.0084957,40,40,-7.6325e-11,2.716e-07,-1.6052e-05,0,1.4637e-18,-7.6325e-11,-2.5938e-07,1.5807e-05,0,-0.0084957
20,-0.0070798,40,40,1.7356e-09,8.2391e-08,-1.0498e-05,0,-1.5334e-18,-1.7356e-09,-8.2391e-08,1.0498e-05,6.7763e-21,-0.0070798
20,-0.0056638,40,40,-3.395e-09,4.4859e-07,-1.6052e-05,0,9.7578e-19,-3.395e-09,9.4603e-08,5.1877e-06,0,-0.0056638
20,-0.0042479,40,40,-5.0543e-09,5.3709e-07,-1.6052e-05,0,7.3184e-19,-5.0543e-09,2.716e-07,-1.2212e-07,0,-0.0042479
20,-0.0028319,40,40,-6.7136e-09,6.2558e-07,-1.6052e-05,0,-9.8933e-19,-6.7136e-09,4.4859e-07,-5.4319e-06,-2.7105e-20,-0.0028319
20,-0.001416,20,20,-1.358e-08,8.9718e-07,-1.6052e-05,0,-4.6587e-19,1.358e-08,-8.9718e-07,1.6052e-05,0,-0.001416
21,0.012843,60,60,-6.953e-10,-3.5481e-08,8.1995e-06,-2.1065e-34,-3.3222e-33,-6.9421e-10,2.0222e-07,-1.3202e-05,0,0.012843
21,0.011559,60,60,-9.926e-10,1.2086e-08,6.059e-06,-2.3569e-21,-5.7047e-19,-9.926e-10,2.2614e-07,-1.3206e-05,-5.421e-20,0.011559
21,0.010274,60,60,-1.2899e-09,5.9653e-08,3.9185e-06,-5.421e-20,-2.4784e-18,1.2899e-09,-5.9653e-08,-3.9185e-06,0,0.010274
21,0.0089902,60,80,-1.5872e-09,1.0722e-07,1.7779e-06,-5.421e-20,-2.1015e-18,-1.4049e-09,2.5991e-07,-1.3206e-05,-2.7105e-20,0.0089902
21,0.0077059,60,60,-1.8845e-09,1.5479e-07,-3.6257e-07,-9.4117e-21,-2.2819e-18,-1.8845e-09,2.9749e-07,-1.3206e-05,0,0.0077059
21,0.0064215,40,40,7.2829e-10,-2.5894e-07,1.3206e-05,0,-1.1079e-18,-7.2829e-10,2.5894e-07,-1.3206e-05,0,0.0064215
21,0.0051372,40,40,2.2333e-09,-3.3921e-07,1.3206e-05,0,-8.86e-19,2.2333e-09,-1.8129e-08,-6.059e-06,0,0.0051372
21,0.0038529,40,40,3.7384e-09,-4.1948e-07,1.3206e-05,0,-6.6407e-19,3.7384e-09,-1.7867e-07,-1.2428e-06,0,0.0038529
21,0.0025686,40,40,5.2434e-09,-4.9974e-07,1.3206e-05,0,-4.43e-19,-5.2434e-09,4.9974e-07,-1.3206e-05,0,0.0025686
21,0.0012843,20,20,8.9334e-09,-6.7841e-07,1.3206e-05,0,4.2352e-19,-8.9334e-09,6.7841e-07,-1.3206e-05,0,0.0012843
21,-0.012843,60,60,6.953e-10,3.5481e-08,-8.1995e-06,7.2222e-35,1.1796e-33,6.9421e-10,-2.0222e-07,1.3202e-05,0,-0.012843
21,-0.011559,60,60,9.926e-10,-1.2086e-08,-6.059e-06,2.3605e-21,5.7047e-19,9.926e-10,-2.2614e-07,1.3206e-05,5.421e-20,-0.011559
21,-0.010274,60,60,1.2899e-09,-5.9653e-08,-3.9185e-06,5.421e-20,-2.4793e-18,-1.2899e-09,5.9653e-08,3.9185e-06,0,-0.010274
21,-0.0089902,60,80,1.5872e-09,-1.0722e-07,-1.7779e-06,7.1398e-21,1.7114e-18,-1.4049e-09,1.8967e-07,-4.7774e-06,-1.3553e-20,-0.0089902
21,-0.0077059,60,60,1.8845e-09,-1.5479e-07,3.6257e-07,2.7105e-20,-1.9041e-18,-1.8845e-09,1.5479e-07,-3.6257e-07,-8.1315e-20,-0.0077059
21,-0.0064215,40,40,-7.2829e-10,2.5894e-07,-1.3206e-05,0,1.1079e-18,7.2829e-10,-2.5894e-07,1.3206e-05,0,-0.0064215
21,-0.0051372,40,40,-2.2333e-09,3.3921e-07,-1.3206e-05,0,8.86e-19,-2.2333e-09,1.8129e-08,6.059e-06,0,-0.0051372
21,-0.0038529,40,40,-3.7384e-09,4.1948e-07,-1.3206e-05,0,6.6407e-19,-3.7384e-09,1.7867e-07,1.2428e-06,-4.0658e-20,-0.0038529
21,-0.0025686,40,40,-5.2434e-09,4.9974e-07,-1.3206e-05,0,4.43e-19,-5.2434e-09,3.3921e-07,-3.5733e-06,0,-0.0025686
21,-0.0012843,20,20,-8.9334e-09,6.7841e-07,-1.3206e-05,0,-4.2352e-19,8.9334e-09,-6.7841e-07,1.3206e-05,0,-0.0012843
22,0.011702,60,60,-3.3659e-10,-6.7962e-08,8.54e-06,-9.8608e-32,1.0631e-31,3.3659e-10,6.7962e-08,-8.54e-06,2.5411e-21,0.011702
22,0.010532,60,60,-6.0747e-10,-2.4621e-08,6.5897e-06,-2.7105e-20,2.99e-19,6.0747e-10,2.4621e-08,-6.5897e-06,1.0842e-19,0.010532
22,0.0093617,60,60,-8.7835e-10,1.872e-08,4.6393e-06,-4.2885e-21,-1.0396e-18,8.7835e-10,-1.872e-08,-4.6393e-06,5.421e-20,0.0093617
22,0.0081915,60,60,-1.1492e-09,6.2061e-08,2.689e-06,-6.4763e-21,-1.5594e-18,1.1492e-09,-6.2061e-08,-2.689e-06,0,0.0081915
22,0.0070212,60,60,-1.4201e-09,1.054e-07,7.3864e-07,-8.5791e-21,-2.0791e-18,-1.4201e-09,2.3542e-07,-1.0963e-05,0,0.0070212
22,0.005851,60,60,-1.691e-09,1.4874e-07,-1.2117e-06,-1.3553e-20,9.9315e-19,-1.691e-09,2.571e-07,-1.0963e-05,0,0.005851
22,0.0046808,40,40,1.3668e-09,-2.5562e-07,1.0963e-05,0,-8.0638e-19,-1.3668e-09,2.5562e-07,-1.0963e-05,1.3553e-20,0.0046808
22,0.0035106,40,40,2.7381e-09,-3.2876e-07,1.0963e-05,0,-6.0478e-19,-2.7381e-09,3.2876e-07,-1.0963e-05,6.7763e-21,0.0035106
22,0.0023404,40,40,4.1095e-09,-4.019e-07,1.0963e-05,0,-4.0319e-19,4.1095e-09,-2.5562e-07,2.1869e-06,0,0.0023404
22,0.0011702,20,20,-5.4672e-09,-7.3864e-08,6.5897e-06,0,-1.4407e-19,5.4672e-09,7.3864e-08,-6.5897e-06,0,0.0011702
22,-0.011702,60,60,3.3659e-10,6.7962e-08,-8.54e-06,1.8144e-35,1.2006e-33,-3.3659e-10,-6.7962e-08,8.54e-06,-2.5411e-21,-0.011702
22,-0.010532,60,80,6.0747e-10,2.4621e-08,-6.5897e-06,2.7105e-20,2.9731e-19,9.4166e-10,-1.9181e-07,1.0963e-05,2.7105e-20,-0.010532
22,-0.0093617,60,60,8.7835e-10,-1.872e-08,-4.6393e-06,4.2936e-21,1.0396e-18,-8.7835e-10,1.872e-08,4.6393e-06,-5.421e-20,-0.0093617
22,-0.0081915,60,60,1.1492e-09,-6.2061e-08,-2.689e-06,6.4874e-21,1.5594e-18,-1.1492e-09,6.2061e-08,2.689e-06,0,-0.0081915
22,-0.0070212,60,60,1.4201e-09,-1.054e-07,-7.3864e-07,0,-2.5547e-18,-1.4201e-09,1.054e-07,7.3864e-07,0,-0.0070212
22,-0.005851,80,60,-1.2845e-09,2.2837e-07,-1.0963e-05,1.3553e-20,-5.3405e-19,-1.691e-09,1.4874e-07,-1.2117e-06,0,-0.005851
22,-0.0046808,40,40,-1.3668e-09,2.5562e-07,-1.0963e-05,0,8.0638e-19,-1.3668e-09,-3.6932e-08,6.5897e-06,0,-0.0046808
22,-0.0035106,40,60,-2.7381e-09,3.2876e-07,-1.0963e-05,0,6.0478e-19,-2.2328e-09,2.3542e-07,-5.1124e-06,0,-0.0035106
22,-0.0023404,40,40,-4.1095e-09,4.019e-07,-1.0963e-05,0,4.0319e-19,-4.1095e-09,2.5562e-07,-2.1869e-06,0,-0.0023404
22,-0.0011702,20,20,-5.4672e-09,5.1124e-07,-1.0963e-05,0,-3.854e-19,-5.4672e-09,-7.3864e-08,6.5897e-06,0,-0.0011702
23,0.010707,60,60,-7.0931e-11,-9.0624e-08,8.6668e-06,-3.1697e-36,-7.7053e-34,7.0931e-11,9.0624e-08,-8.6668e-06,8.4703e-22,0.010707
23,0.009636,60,60,3.1877e-10,-1.2747e-07,9.1775e-06,0,-9.131e-19,-3.1877e-10,1.2747e-07,-9.1775e-06,0,0.009636
23,0.0085653,60,60,5.6661e-10,-1.473e-07,9.1775e-06,0,-8.123e-19,-5.6661e-10,1.473e-07,-9.1775e-06,2.7105e-20,0.0085653
23,0.0074946,60,60,8.1445e-10,-1.6713e-07,9.1775e-06,0,-7.1066e-19,8.1445e-10,-2.8339e-08,-3.3135e-06,0,0.0074946
23,0.006424,60,60,1.0623e-09,-1.8696e-07,9.1775e-06,0,-6.0859e-19,1.0623e-09,-6.7993e-08,-1.5291e-06,0,0.006424
23,0.0053533,60,60,-1.3101e-09,1.0765e-07,-2.5535e-07,0,2.0706e-18,-1.3101e-09,2.0678e-07,-9.1775e-06,0,0.0053533
23,0.0042827,40,40,7.1723e-10,-1.9121e-07,9.1775e-06,0,-7.3777e-19,-7.1723e-10,1.9121e-07,-9.1775e-06,0,0.0042827
23,0.003212,40,40,-1.9719e-09,5.7378e-08,2.8674e-06,0,1.7421e-18,-1.9719e-09,2.5813e-07,-9.1775e-06,0,0.003212
23,0.0021413,40,40,3.2266e-09,-3.2504e-07,9.1775e-06,0,-3.6888e-19,-3.2266e-09,3.2504e-07,-9.1775e-06,0,0.0021413
23,0.0010707,20,20,-2.8689e-09,-1.5291e-07,6.8824e-06,0,-7.5599e-20,2.8689e-09,1.5291e-07,-6.8824e-06,6.7763e-21,0.0010707
23,-0.010707,60,60,-7.0931e-11,1.0765e-07,-9.1775e-06,0,1.0147e-18,-7.0931e-11,-9.0624e-08,8.6668e-06,-8.4703e-22,-0.010707
23,-0.009636,60,60,-3.1877e-10,1.2747e-07,-9.1775e-06,0,9.131e-19,-3.1877e-10,-5.097e-08,6.8824e-06,-3.3881e-21,-0.009636
23,-0.0085653,60,60,-5.6661e-10,1.473e-07,-9.1775e-06,0,8.123e-19,5.6661e-10,-1.473e-07,9.1775e-06,-2.7105e-20,-0.0085653
23,-0.0074946,60,60,-8.1445e-10,1.6713e-07,-9.1775e-06,0,7.1066e-19,-8.1445e-10,2.8339e-08,3.3135e-06,6.7763e-21,-0.0074946
23,-0.006424,60,60,-1.0623e-09,1.8696e-07,-9.1775e-06,0,6.0859e-19,-1.0623e-09,6.7993e-08,1.5291e-06,0,-0.006424
23,-0.0053533,60,60,-1.3101e-09,2.0678e-07,-9.1775e-06,0,2.2243e-18,-1.3101e-09,1.0765e-07,-2.5535e-07,0,-0.0053533
23,-0.0042827,40,40,-7.1723e-10,1.9121e-07,-9.1775e-06,2.7105e-20,1.2113e-19,7.1723e-10,-1.9121e-07,9.1775e-06,-2.7105e-20,-0.0042827
23,-0.003212,40,40,-1.9719e-09,2.5813e-07,-9.1775e-06,0,5.5396e-19,-1.9719e-09,5.7378e-08,2.8674e-06,0,-0.003212
23,-0.0021413,40,40,-3.2266e-09,3.2504e-07,-9.1775e-06,0,-5.5057e-19,-3.2266e-09,1.9121e-07,-1.1476e-06,-2.0329e-20,-0.0021413
23,-0.0010707,20,20,2.8689e-09,1.5291e-07,-6.8824e-06,0,7.5599e-20,-2.8689e-09,-1.5291e-07,6.8824e-06,-6.7763e-21,-0.0010707
24,0.009833,80,80,4.8933e-10,-1.167e-07,7.7409e-06,4.5519e-31,9.4355e-33,-4.8933e-10,1.167e-07,-7.7409e-06,0,0.009833
24,0.0088497,60,60,1.0171e-10,-9.4147e-08,7.7409e-06,0,-8.3856e-19,-1.0171e-10,9.4147e-08,-7.7409e-06,0,0.0088497
24,0.0078664,60,60,-3.2933e-10,-3.3317e-08,5.3697e-06,6.7763e-21,-3.6497e-19,-3.2933e-10,1.1236e-07,-7.7409e-06,2.7105e-20,0.0078664
24,0.0068831,60,60,-5.5695e-10,3.1012e-09,3.7309e-06,6.7763e-21,-6.1706e-19,-5.5695e-10,1.3057e-07,-7.7409e-06,1.3553e-20,0.0068831
24,0.0058998,60,80,7.8456e-10,-1.4878e-07,7.7409e-06,0,-5.5947e-19,-7.774e-10,1.4743e-07,-7.7409e-06,0,0.0058998
24,0.0049165,60,60,-1.0122e-09,7.5938e-08,4.5324e-07,0,-2.2061e-18,-1.0122e-09,1.6698e-07,-7.7409e-06,0,0.0049165
24,0.0039332,40,40,2.2886e-10,-1.4122e-07,7.7409e-06,0,-6.7763e-19,-2.2886e-10,1.4122e-07,-7.7409e-06,1.3553e-20,0.0039332
24,0.0029499,40,40,1.3812e-09,-2.0268e-07,7.7409e-06,0,-5.0822e-19,-1.3812e-09,2.0268e-07,-7.7409e-06,0,0.0029499
24,0.0019666,40,40,2.5335e-09,-2.6413e-07,7.7409e-06,0,-3.3881e-19,-2.5335e-09,2.6413e-07,-7.7409e-06,6.7763e-21,0.0019666
24,0.0009833,20,20,9.1543e-10,-2.8244e-07,7.7409e-06,0,3.2357e-19,9.1543e-10,2.0921e-07,-7.0086e-06,0,0.0009833
24,-0.009833,80,80,-4.8933e-10,1.167e-07,-7.7409e-06,5.421e-20,-8.9785e-19,4.8933e-10,-1.167e-07,7.7409e-06,0,-0.009833
24,-0.0088497,60,60,-1.0171e-10,9.4147e-08,-7.7409e-06,0,8.3856e-19,1.0171e-10,-9.4147e-08,7.7409e-06,0,-0.0088497
24,-0.0078664,60,60,-3.2933e-10,1.1236e-07,-7.7409e-06,0,6.3845e-20,3.2933e-10,-1.1236e-07,7.7409e-06,-2.7105e-20,-0.0078664
24,-0.0068831,60,60,5.5695e-10,-3.1012e-09,-3.7309e-06,0,3.5249e-18,-5.5695e-10,3.1012e-09,3.7309e-06,6.7763e-21,-0.0068831
24,-0.0058998,60,60,-7.8456e-10,1.4878e-07,-7.7409e-06,0,5.5947e-19,-7.8456e-10,3.952e-08,2.0921e-06,0,-0.0058998
24,-0.0049165,60,80,1.0122e-09,-7.5938e-08,-4.5324e-07,0,2.2061e-18,-8.4942e-10,1.167e-07,-3.1317e-06,0,-0.0049165
24,-0.0039332,40,40,-2.2886e-10,1.4122e-07,-7.7409e-06,0,6.7763e-19,-2.2886e-10,-1.046e-07,7.0086e-06,0,-0.0039332
24,-0.0029499,40,40,-1.3812e-09,2.0268e-07,-7.7409e-06,0,5.0822e-19,-1.3812e-09,1.8309e-08,3.3212e-06,-2.7105e-20,-0.0029499
24,-0.0019666,40,40,-2.5335e-09,2.6413e-07,-7.7409e-06,0,3.3881e-19,-2.5335e-09,1.4122e-07,-3.6617e-07,-2.0329e-20,-0.0019666
24,-0.0009833,20,20,-9.1543e-10,2.8244e-07,-7.7409e-06,0,-3.2357e-19,-9.1543e-10,-2.0921e-07,7.0086e-06,-4.2352e-22,-0.0009833
25,0.0090621,80,80,3.6357e-10,-9.3571e-08,6.5747e-06,1.3553e-20,-1.5899e-18,3.6357e-10,-2.2773e-08,-1.921e-06,-2.1176e-22,0.0090621
25,0.0081559,80,80,4.2995e-10,-1.0065e-07,6.5747e-06,-1.3553e-20,-7.4497e-19,4.2995e-10,-3.6932e-08,-1.0714e-06,-9.8608e-32,0.0081559
25,0.0072497,60,60,1.4815e-10,-8.4904e-08,6.5747e-06,0,-6.8779e-19,-1.4815e-10,8.4904e-08,-6.5747e-06,0,0.0072497
25,0.0063435,60,60,3.5792e-10,-1.0169e-07,6.5747e-06,0,-6.0139e-19,-3.5792e-10,1.0169e-07,-6.5747e-06,3.3881e-21,0.0063435
25,0.0054373,60,60,-5.6769e-10,1.7778e-08,2.4874e-06,1.3553e-20,2.489e-18,5.6769e-10,-1.7778e-08,-2.4874e-06,0,0.0054373
25,0.004531,60,60,-7.7746e-10,5.1341e-08,9.7702e-07,2.7105e-20,7.6064e-19,7.7746e-10,-5.1341e-08,-9.7702e-07,-2.7105e-20,0.004531
25,0.0036248,80,60,7.6181e-10,-1.3605e-07,6.5747e-06,-1.3553e-20,-3.3119e-19,-9.8723e-10,1.5203e-07,-6.5747e-06,0,0.0036248
25,0.0027186,40,40,-9.2331e-10,-1.1092e-08,3.6201e-06,-2.7105e-20,-3.0603e-18,9.2331e-10,1.1092e-08,-3.6201e-06,0,0.0027186
25,0.0018124,40,40,-1.9853e-09,1.0218e-07,2.2184e-07,0,1.7539e-18,-1.9853e-09,2.1546e-07,-6.5747e-06,0,0.0018124
25,0.00090621,40,40,-3.0472e-09,2.1546e-07,-3.1764e-06,-1.0164e-20,-1.0158e-18,-3.0472e-09,2.721e-07,-6.5747e-06,0,0.00090621
25,-0.0090621,80,80,-3.6357e-10,9.3571e-08,-6.5747e-06,-1.3553e-20,1.5899e-18,-3.6357e-10,2.2773e-08,1.921e-06,2.1176e-22,-0.0090621
25,-0.0081559,80,80,-4.2995e-10,1.0065e-07,-6.5747e-06,0,-7.4454e-19,-4.2995e-10,3.6932e-08,1.0714e-06,9.8608e-32,-0.0081559
25,-0.0072497,60,60,-1.4815e-10,8.4904e-08,-6.5747e-06,0,6.8779e-19,-1.4815e-10,-4.9349e-08,5.5081e-06,0,-0.0072497
25,-0.0063435,60,80,-3.5792e-10,1.0169e-07,-6.5747e-06,0,6.9351e-20,-5.6269e-10,6.5252e-08,-6.2773e-07,0,-0.0063435
25,-0.0054373,60,60,-5.6769e-10,1.1847e-07,-6.5747e-06,0,5.1542e-19,-5.6769e-10,1.7778e-08,2.4874e-06,0,-0.0054373
25,-0.004531,60,60,-7.7746e-10,1.3525e-07,-6.5747e-06,0,4.2945e-19,-7.7746e-10,5.1341e-08,9.7702e-07,0,-0.004531
25,-0.0036248,80,60,-7.6181e-10,1.3605e-07,-6.5747e-06,6.7763e-21,-3.3098e-19,-9.8723e-10,8.4904e-08,-5.3333e-07,0,-0.0036248
25,-0.0027186,40,40,-9.2331e-10,1.5882e-07,-6.5747e-06,0,4.6841e-19,-9.2331e-10,-1.1092e-08,3.6201e-06,-2.3968e-33,-0.0027186
25,-0.0018124,40,40,-1.9853e-09,2.1546e-07,-6.5747e-06,0,2.2192e-19,-1.9853e-09,1.0218e-07,2.2184e-07,-2.0329e-20,-0.0018124
25,-0.00090621,60,40,-1.6165e-09,2.0238e-07,-6.5747e-06,0,8.5974e-20,-3.0472e-09,2.1546e-07,-3.1764e-06,-1.0164e-20,-0.00090621
26,0.0083784,80,80,2.6449e-10,-7.5046e-08,5.6201e-06,2.7105e-20,-1.4696e-18,2.6449e-10,-9.5899e-09,-2.2347e-06,-3.4607e-35,0.0083784
26,0.0075406,80,80,-3.2585e-10,2.2681e-08,1.4492e-06,5.5467e-32,1.1838e-17,3.2585e-10,-2.2681e-08,-1.4492e-06,-2.4652e-32,0.0075406
26,0.0067027,60,60,9.5819e-12,-6.3212e-08,5.6201e-06,0,-6.3527e-19,9.5819e-12,6.0912e-08,-5.5511e-06,2.7105e-20,0.0067027
26,0.0058649,60,60,2.0353e-10,-7.8728e-08,5.6201e-06,0,-5.5565e-19,2.0353e-10,2.9881e-08,-4.1547e-06,0,0.0058649
26,0.005027,60,60,3.9747e-10,-9.4243e-08,5.6201e-06,0,-4.7646e-19,-3.9747e-10,9.4243e-08,-5.6201e-06,0,0.005027
26,0.0041892,80,60,5.7131e-10,-1.0777e-07,5.6201e-06,0,-3.8265e-19,5.9142e-10,-3.2181e-08,-1.3619e-06,1.9722e-31,0.0041892
26,0.0033514,60,60,-7.8536e-10,6.3212e-08,-3.4495e-08,0,-4.9705e-18,7.8536e-10,-6.3212e-08,3.4495e-08,0,0.0033514
26,0.0025135,40,40,5.6703e-10,-1.2391e-07,5.6201e-06,0,-4.3326e-19,5.6703e-10,3.3185e-08,-3.8056e-06,0,0.0025135
26,0.0016757,40,40,-1.5489e-09,7.1545e-08,6.6371e-07,0,1.3684e-18,-1.5489e-09,1.7627e-07,-5.6201e-06,0,0.0016757
26,0.00083784,40,40,2.5307e-09,-2.2864e-07,5.6201e-06,0,-1.4442e-19,-2.5307e-09,2.2864e-07,-5.6201e-06,-1.3553e-20,0.00083784
26,-0.0083784,80,80,-2.6449e-10,7.5046e-08,-5.6201e-06,-2.7105e-20,1.4696e-18,-2.6449e-10,9.5899e-09,2.2347e-06,3.4607e-35,-0.0083784
26,-0.0075406,80,80,-3.2585e-10,8.1592e-08,-5.6201e-06,0,-6.8864e-19,-3.2585e-10,2.2681e-08,1.4492e-06,2.4652e-32,-0.0075406
26,-0.0067027,60,60,-9.5819e-12,6.3212e-08,-5.6201e-06,0,6.3527e-19,-9.5819e-12,-6.0912e-08,5.5511e-06,-4.0658e-20,-0.0067027
26,-0.0058649,60,60,-2.0353e-10,7.8728e-08,-5.6201e-06,1.6941e-21,3.9493e-20,-2.0353e-10,-2.9881e-08,4.1547e-06,1.6941e-21,-0.0058649
26,-0.005027,60,60,-3.9747e-10,9.4243e-08,-5.6201e-06,0,4.7646e-19,3.9747e-10,-9.4243e-08,5.6201e-06,0,-0.005027
26,-0.0041892,80,60,-5.7131e-10,1.0777e-07,-5.6201e-06,-6.7763e-21,-3.8244e-19,-5.9142e-10,3.2181e-08,1.3619e-06,0,-0.0041892
26,-0.0033514,60,60,7.8536e-10,-6.3212e-08,3.4495e-08,-6.7763e-21,5.6222e-19,-7.8536e-10,6.3212e-08,-3.4495e-08,1.3553e-20,-0.0033514
26,-0.0025135,40,40,-5.6703e-10,1.2391e-07,-5.6201e-06,0,4.3326e-19,-5.6703e-10,-3.3185e-08,3.8056e-06,-1.6941e-21,-0.0025135
26,-0.0016757,40,40,-1.5489e-09,1.7627e-07,-5.6201e-06,0,2.8884e-19,-1.5489e-09,7.1545e-08,6.6371e-07,-6.7763e-21,-0.0016757
26,-0.00083784,40,40,-2.5307e-09,2.2864e-07,-5.6201e-06,0,1.4442e-19,-2.5307e-09,1.7627e-07,-2.4782e-06,6.7763e-21,-0.00083784
27,0.0077693,80,80,1.8606e-10,-6.0118e-08,4.8326e-06,0,5.3829e-19,1.8606e-10,5.7954e-10,-2.4511e-06,-8.4703e-22,0.0077693
27,0.0069924,80,80,2.4296e-10,-6.6188e-08,4.8326e-06,-1.3553e-20,-6.3866e-19,2.4296e-10,-1.156e-08,-1.7227e-06,-4.9304e-32,0.0069924
27,0.0062154,80,80,2.9987e-10,-7.2257e-08,4.8326e-06,-1.3553e-20,-5.6751e-19,-2.9987e-10,7.2257e-08,-4.8326e-06,-2.7105e-20,0.0062154
27,0.0054385,60,60,8.3483e-11,-6.0374e-08,4.8326e-06,0,-5.1542e-19,-8.3483e-11,6.0374e-08,-4.8326e-06,0,0.0054385
27,0.0046616,60,60,2.6333e-10,-7.4762e-08,4.8326e-06,0,-4.4173e-19,2.6333e-10,1.1563e-08,-2.9367e-06,0,0.0046616
27,0.0038846,80,60,4.7058e-10,-9.0467e-08,4.8326e-06,0,-3.5491e-19,-4.4317e-10,8.915e-08,-4.8326e-06,6.7763e-21,0.0038846
27,0.0031077,60,80,6.2302e-10,-1.0354e-07,4.8326e-06,0,-2.9477e-19,-5.2748e-10,9.6536e-08,-4.8326e-06,6.7763e-21,0.0031077
27,0.0023308,40,40,2.89e-10,-9.5957e-08,4.8326e-06,0,-4.0149e-19,2.89e-10,4.9717e-08,-3.9078e-06,0,0.0023308
27,0.0015539,40,40,1.1995e-09,-1.4451e-07,4.8326e-06,0,-2.6766e-19,-1.1995e-09,1.4451e-07,-4.8326e-06,0,0.0015539
27,0.00077693,40,40,2.1099e-09,-1.9307e-07,4.8326e-06,0,-1.3383e-19,-2.1099e-09,1.9307e-07,-4.8326e-06,0,0.00077693
27,-0.0077693,80,80,-1.8606e-10,6.0118e-08,-4.8326e-06,0,-5.3829e-19,-1.8606e-10,-5.7954e-10,2.4511e-06,8.4703e-22,-0.0077693
27,-0.0069924,80,80,-2.4296e-10,6.6188e-08,-4.8326e-06,1.3553e-20,-6.3824e-19,-2.4296e-10,1.156e-08,1.7227e-06,4.9304e-32,-0.0069924
27,-0.0062154,80,80,-2.9987e-10,7.2257e-08,-4.8326e-06,0,-5.6709e-19,2.9987e-10,-7.2257e-08,4.8326e-06,2.7105e-20,-0.0062154
27,-0.0054385,60,60,-8.3483e-11,6.0374e-08,-4.8326e-06,0,5.1542e-19,-8.3483e-11,-4.0339e-08,4.2315e-06,0,-0.0054385
27,-0.0046616,60,60,-2.6333e-10,7.4762e-08,-4.8326e-06,0,4.4173e-19,-2.6333e-10,-1.1563e-08,2.9367e-06,0,-0.0046616
27,-0.0038846,60,60,4.4317e-10,-1.7212e-08,-1.6418e-06,1.3553e-20,6.5179e-19,-4.4317e-10,1.7212e-08,1.6418e-06,-1.3553e-20,-0.0038846
27,-0.0031077,60,60,-6.2302e-10,1.0354e-07,-4.8326e-06,0,2.9477e-19,-6.2302e-10,4.5987e-08,3.469e-07,6.7763e-21,-0.0031077
27,-0.0023308,40,40,-2.89e-10,9.5957e-08,-4.8326e-06,0,4.0149e-19,-2.89e-10,-4.9717e-08,3.9078e-06,0,-0.0023308
27,-0.0015539,40,40,-1.1995e-09,1.4451e-07,-4.8326e-06,0,-1.9058e-19,-1.1995e-09,4.7399e-08,9.9434e-07,-6.7763e-21,-0.0015539
27,-0.00077693,40,40,-2.1099e-09,1.9307e-07,-4.8326e-06,0,-2.486e-19,-2.1099e-09,1.4451e-07,-1.9191e-06,0,-0.00077693
28,0.0072242,80,80,1.2375e-10,-4.802e-08,4.1784e-06,-2.4652e-32,3.8519e-33,1.2375e-10,8.4199e-09,-2.5944e-06,-4.2352e-22,0.0072242
28,0.0065018,80,80,-1.7666e-10,2.868e-09,1.9171e-06,2.4652e-32,6.4182e-18,-1.7666e-10,5.3663e-08,-4.1784e-06,-6.7763e-21,0.0065018
28,0.0057794,80,80,-2.2957e-10,1.4156e-08,1.2398e-06,3.6978e-32,8.3405e-18,-2.2957e-10,5.9307e-08,-4.1784e-06,-1.3553e-20,0.0057794
28,0.005057,80,80,-2.8248e-10,2.5444e-08,5.6255e-07,4.9304e-32,1.0263e-17,-2.8248e-10,6.4951e-08,-4.1784e-06,-1.3553e-20,0.005057
28,0.0043345,80,60,-3.354e-10,3.6732e-08,-1.1472e-07,0,1.207e-18,-1.5729e-10,5.9009e-08,-4.1784e-06,0,0.0043345
28,0.0036121,60,60,3.2452e-10,-7.2387e-08,4.1784e-06,0,-3.4262e-19,-3.2452e-10,7.2387e-08,-4.1784e-06,0,0.0036121
28,0.0028897,60,60,4.9174e-10,-8.5766e-08,4.1784e-06,0,-2.738e-19,-4.9174e-10,8.5766e-08,-4.1784e-06,0,0.0028897
28,0.0021673,40,40,-7.17e-11,-6.1991e-08,3.9489e-06,0,6.3345e-20,7.17e-11,6.1991e-08,-3.9489e-06,0,0.0021673
28,0.0014448,40,40,-9.1829e-10,2.8312e-08,1.2398e-06,0,8.1129e-19,9.1829e-10,-2.8312e-08,-1.2398e-06,0,0.0014448
28,0.00072242,40,60,-1.7649e-09,1.1861e-07,-1.4693e-06,0,-1.5115e-18,-9.9343e-10,1.259e-07,-4.1784e-06,0,0.00072242
28,-0.0072242,80,80,-1.2375e-10,4.802e-08,-4.1784e-06,2.4652e-32,-3.8519e-33,-1.2375e-10,-8.4199e-09,2.5944e-06,4.2352e-22,-0.0072242
28,-0.0065018,80,80,1.7666e-10,-2.868e-09,-1.9171e-06,-2.4652e-32,-6.4182e-18,-1.7666e-10,2.868e-09,1.9171e-06,-1.3553e-20,-0.0065018
28,-0.0057794,80,100,-2.2957e-10,5.9307e-08,-4.1784e-06,1.3553e-20,-5.277e-19,2.4445e-10,-6.045e-08,4.1784e-06,6.7763e-21,-0.0057794
28,-0.005057,80,80,-2.8248e-10,6.4951e-08,-4.1784e-06,0,-4.6163e-19,2.8248e-10,-6.4951e-08,4.1784e-06,1.3553e-20,-0.005057
28,-0.0043345,100,60,2.878e-10,-4.8891e-08,1.5776e-06,0,-3.6233e-18,-1.5729e-10,-2.126e-08,3.0459e-06,0,-0.0043345
28,-0.0036121,60,60,-3.2452e-10,7.2387e-08,-4.1784e-06,0,3.4262e-19,-3.2452e-10,5.4963e-09,1.8418e-06,3.3881e-21,-0.0036121
28,-0.0028897,60,80,-4.9174e-10,8.5766e-08,-4.1784e-06,0,2.738e-19,-4.4122e-10,5.9307e-08,-1.4693e-06,0,-0.0028897
28,-0.0021673,40,40,7.17e-11,6.1991e-08,-3.9489e-06,0,-6.3345e-20,-7.17e-11,-6.1991e-08,3.9489e-06,0,-0.0021673
28,-0.0014448,40,40,9.1829e-10,-2.8312e-08,-1.2398e-06,0,-8.1129e-19,-9.1829e-10,2.8312e-08,1.2398e-06,0,-0.0014448
28,-0.00072242,60,40,-9.9343e-10,1.259e-07,-4.1784e-06,0,6.8451e-20,-1.7649e-09,1.1861e-07,-1.4693e-06,0,-0.00072242
29,0.0067346,80,80,7.4112e-11,-3.8165e-08,3.6312e-06,0,7.5259e-19,-7.4112e-11,3.8165e-08,-3.6312e-06,0,0.0067346
29,0.0060611,80,80,-1.2344e-10,-3.9264e-09,2.0512e-06,1.2326e-32,4.4845e-18,-1.2344e-10,4.3426e-08,-3.6312e-06,0,0.0060611
29,0.0053877,80,80,-1.7276e-10,6.5964e-09,1.4198e-06,4.9304e-32,6.2766e-18,-1.7276e-10,4.8688e-08,-3.6312e-06,-1.3553e-20,0.0053877
29,0.0047142,80,80,2.2209e-10,-5.3949e-08,3.6312e-06,0,5.2707e-19,-2.2209e-10,5.3949e-08,-3.6312e-06,2.0329e-20,0.0047142
29,0.0040408,60,60,7.3294e-11,-4.621e-08,3.6312e-06,0,-3.8328e-19,-7.3294e-11,4.621e-08,-3.6312e-06,0,0.0040408
29,0.0033673,60,60,2.2919e-10,-5.8681e-08,3.6312e-06,0,-3.1912e-19,-2.2919e-10,5.8681e-08,-3.6312e-06,0,0.0033673
29,0.0026938,60,60,3.8508e-10,-7.1153e-08,3.6312e-06,0,-2.5517e-19,-3.8508e-10,7.1153e-08,-3.6312e-06,0,0.0026938
29,0.0020204,60,80,5.4097e-10,-8.3624e-08,3.6312e-06,0,-1.9164e-19,-4.1939e-10,7.4995e-08,-3.6312e-06,0,0.0020204
29,0.0013469,40,40,6.9105e-10,-9.7375e-08,3.6312e-06,0,-2.3209e-19,-6.9105e-10,9.7375e-08,-3.6312e-06,0,0.0013469
29,0.00067346,40,40,1.4803e-09,-1.3947e-07,3.6312e-06,0,-1.1604e-19,-1.4803e-09,1.3947e-07,-3.6312e-06,0,0.00067346
29,-0.0067346,80,80,7.4112e-11,1.4449e-08,-2.6825e-06,-5.1452e-36,-4.7068e-34,-7.4112e-11,-1.4449e-08,2.6825e-06,1.2326e-32,-0.0067346
29,-0.0060611,80,80,1.2344e-10,3.9264e-09,-2.0512e-06,-1.2326e-32,-4.4845e-18,1.2344e-10,-4.3426e-08,3.6312e-06,0,-0.0060611
29,-0.0053877,80,80,1.7276e-10,-6.5964e-09,-1.4198e-06,-4.9304e-32,-6.2766e-18,1.7276e-10,-4.8688e-08,3.6312e-06,1.3553e-20,-0.0053877
29,-0.0047142,80,80,-2.2209e-10,5.3949e-08,-3.6312e-06,0,-5.2707e-19,2.2209e-10,-5.3949e-08,3.6312e-06,0,-0.0047142
29,-0.0040408,60,80,-7.3294e-11,4.621e-08,-3.6312e-06,0,3.8328e-19,-2.7141e-10,2.7642e-08,1.5706e-07,0,-0.0040408
29,-0.0033673,60,60,-2.2919e-10,5.8681e-08,-3.6312e-06,0,3.1912e-19,-2.2919e-10,-3.6762e-09,1.981e-06,0,-0.0033673
29,-0.0026938,80,60,-3.7007e-10,6.9733e-08,-3.6312e-06,0,-3.0112e-19,-3.8508e-10,2.1267e-08,8.5858e-07,-3.3881e-21,-0.0026938
29,-0.0020204,60,80,-5.4097e-10,8.3624e-08,-3.6312e-06,0,1.9164e-19,4.1939e-10,-7.4995e-08,3.6312e-06,0,-0.0020204
29,-0.0013469,40,40,-6.9105e-10,9.7375e-08,-3.6312e-06,0,2.3209e-19,-6.9105e-10,1.3193e-08,1.4198e-06,0,-0.0013469
29,-0.00067346,40,40,-1.4803e-09,1.3947e-07,-3.6312e-06,0,1.1604e-19,-1.4803e-09,9.7375e-08,-1.1057e-06,0,-0.00067346
30,0.0062931,80,80,3.4497e-11,-3.0102e-08,3.1707e-06,-5.1152e-32,-7.7409e-34,3.4497e-11,1.9063e-08,-2.7291e-06,-1.2705e-21,0.0062931
30,0.0056638,80,80,8.0589e-11,-3.5019e-08,3.1707e-06,0,6.3337e-19,-8.0589e-11,3.5019e-08,-3.1707e-06,0,0.0056638
30,0.0050345,80,80,1.2668e-10,-3.9935e-08,3.1707e-06,0,5.6285e-19,1.2668e-10,-6.0306e-10,-1.5492e-06,-2.4652e-32,0.0050345
30,0.0044052,80,80,1.7277e-10,-4.4852e-08,3.1707e-06,0,4.9255e-19,-1.7277e-10,4.4852e-08,-3.1707e-06,1.3553e-20,0.0044052
30,0.0037759,60,60,6.7007e-12,-3.5766e-08,3.1707e-06,0,-3.5787e-19,-6.7007e-12,3.5766e-08,-3.1707e-06,0,0.0037759
30,0.0031466,60,80,1.5237e-10,-4.742e-08,3.1707e-06,0,-2.9837e-19,-2.6496e-10,5.4685e-08,-3.1707e-06,0,0.0031466
30,0.0025172,60,60,2.9805e-10,-5.9074e-08,3.1707e-06,0,-2.3865e-19,-2.9805e-10,5.9074e-08,-3.1707e-06,0,0.0025172
30,0.0018879,60,60,4.4372e-10,-7.0728e-08,3.1707e-06,0,-1.7894e-19,-4.4372e-10,7.0728e-08,-3.1707e-06,1.1563e-32,0.0018879
30,0.0012586,40,40,5.0673e-10,-7.987e-08,3.1707e-06,0,-2.1684e-19,5.0673e-10,-1.2061e-09,-1.5492e-06,0,0.0012586
30,0.00062931,40,40,1.2442e-09,-1.192e-07,3.1707e-06,0,-1.0842e-19,-1.2442e-09,1.192e-07,-3.1707e-06,0,0.00062931
30,-0.0062931,80,80,-3.4497e-11,3.0102e-08,-3.1707e-06,1.8916e-31,7.3277e-33,-3.4497e-11,-1.9063e-08,2.7291e-06,1.2705e-21,-0.0062931
30,-0.0056638,80,80,-8.0589e-11,3.5019e-08,-3.1707e-06,0,-6.3337e-19,8.0589e-11,-3.5019e-08,3.1707e-06,0,-0.0056638
30,-0.0050345,80,80,-1.2668e-10,3.9935e-08,-3.1707e-06,0,-5.6285e-19,-1.2668e-10,6.0306e-10,1.5492e-06,2.4652e-32,-0.0050345
30,-0.0044052,80,80,-1.7277e-10,4.4852e-08,-3.1707e-06,0,-4.9255e-19,1.7277e-10,-4.4852e-08,3.1707e-06,-1.3553e-20,-0.0044052
30,-0.0037759,60,60,-6.7007e-12,3.5766e-08,-3.1707e-06,0,3.5787e-19,-6.7007e-12,-3.4158e-08,3.1224e-06,-1.0588e-22,-0.0037759
30,-0.0031466,60,80,-1.5237e-10,4.742e-08,-3.1707e-06,0,2.9837e-19,2.6496e-10,-5.4685e-08,3.1707e-06,0,-0.0031466
30,-0.0025172,60,60,-2.9805e-10,5.9074e-08,-3.1707e-06,0,2.3865e-19,-2.9805e-10,1.2458e-08,1.0247e-06,0,-0.0025172
30,-0.0018879,60,60,4.4372e-10,-3.5766e-08,2.4123e-08,0,-6.9033e-19,-4.4372e-10,3.5766e-08,-2.4123e-08,0,-0.0018879
30,-0.0012586,40,40,-5.0673e-10,7.987e-08,-3.1707e-06,0,2.1684e-19,-5.0673e-10,1.2061e-09,1.5492e-06,-1.6941e-21,-0.0012586
30,-0.00062931,40,40,-1.2442e-09,1.192e-07,-3.1707e-06,0,1.0842e-19,-1.2442e-09,7.987e-08,-8.1076e-07,0,-0.00062931
31,0.0058937,80,80,2.8566e-12,-2.3479e-08,2.7809e-06,2.4012e-36,7.7648e-34,-2.8566e-12,2.3479e-08,-2.7809e-06,-2.1961e-34,0.0058937
31,0.0053043,80,80,-4.6023e-11,-1.3356e-08,2.1918e-06,1.2326e-32,1.672e-18,-4.6023e-11,2.8084e-08,-2.7809e-06,1.3553e-20,0.0053043
31,0.0047149,80,80,-8.919e-11,-4.1474e-09,1.6393e-06,1.2326e-32,3.2403e-18,-8.919e-11,3.2688e-08,-2.7809e-06,6.7763e-21,0.0047149
31,0.0041256,80,80,1.3236e-10,-3.7292e-08,2.7809e-06,0,4.6121e-19,-1.3236e-10,3.7292e-08,-2.7809e-06,0,0.0041256
31,0.0035362,80,80,-1.7552e-10,1.427e-08,5.3425e-07,2.4652e-32,6.3768e-18,-1.7552e-10,4.1897e-08,-2.7809e-06,-3.3881e-21,0.0035362
31,0.0029468,60,60,9.0346e-11,-3.8127e-08,2.7809e-06,0,-2.7931e-19,-9.0346e-11,3.8127e-08,-2.7809e-06,0,0.0029468
31,0.0023575,60,60,-2.2677e-10,5.3844e-09,1.1482e-06,0,-8.4894e-19,-2.2677e-10,4.9041e-08,-2.7809e-06,0,0.0023575
31,0.0017681,60,60,-3.632e-10,2.7213e-08,1.6589e-07,0,-6.465e-19,-3.632e-10,5.9955e-08,-2.7809e-06,0,0.0017681
31,0.0011787,40,40,3.5676e-10,-6.5376e-08,2.7809e-06,0,-2.0329e-19,3.5676e-10,8.2947e-09,-1.6393e-06,-3.9443e-31,0.0011787
31,0.00058937,40,40,1.0474e-09,-1.0221e-07,2.7809e-06,0,-1.0164e-19,-1.0474e-09,1.0221e-07,-2.7809e-06,0,0.00058937
31,-0.0058937,80,80,-2.8566e-12,2.3479e-08,-2.7809e-06,5.8338e-32,1.1859e-33,-2.8566e-12,-2.2565e-08,2.7444e-06,3.1764e-22,-0.0058937
31,-0.0053043,80,80,4.6023e-11,1.3356e-08,-2.1918e-06,-1.2326e-32,-1.672e-18,4.6023e-11,-2.8084e-08,2.7809e-06,-1.3553e-20,-0.0053043
31,-0.0047149,80,80,8.919e-11,4.1474e-09,-1.6393e-06,-1.2326e-32,-3.2403e-18,8.919e-11,-3.2688e-08,2.7809e-06,-6.7763e-21,-0.0047149
31,-0.0041256,80,80,-1.3236e-10,3.7292e-08,-2.7809e-06,0,-4.6121e-19,-1.3236e-10,5.0615e-09,1.0868e-06,-1.5532e-34,-0.0041256
31,-0.0035362,80,80,1.7552e-10,-1.427e-08,-5.3425e-07,-2.4652e-32,-6.3768e-18,-1.7552e-10,1.427e-08,5.3425e-07,0,-0.0035362
31,-0.0029468,60,60,-9.0346e-11,3.8127e-08,-2.7809e-06,0,2.7931e-19,-9.0346e-11,-1.6444e-08,2.1304e-06,0,-0.0029468
31,-0.0023575,60,80,2.2677e-10,-5.3844e-09,-1.1482e-06,0,-8.6228e-19,2.6186e-10,-5.1106e-08,2.7809e-06,0,-0.0023575
31,-0.0017681,60,60,3.632e-10,-2.7213e-08,-1.6589e-07,0,-6.465e-19,3.632e-10,-5.9955e-08,2.7809e-06,0,-0.0017681
31,-0.0011787,40,40,-3.5676e-10,6.5376e-08,-2.7809e-06,0,2.0329e-19,-3.5676e-10,-8.2947e-09,1.6393e-06,-8.4703e-22,-0.0011787
31,-0.00058937,40,40,-1.0474e-09,1.0221e-07,-2.7809e-06,0,1.0164e-19,-1.0474e-09,6.5376e-08,-5.7081e-07,-3.3881e-21,-0.00058937
32,0.0055311,100,100,-7.8996e-11,4.737e-09,8.6936e-07,1.9722e-31,-1.8489e-32,7.8996e-11,-4.737e-09,-8.6936e-07,-1.956e-35,0.0055311
32,0.004978,80,80,-1.8103e-11,-1.6549e-08,2.2176e-06,3.0815e-33,6.5769e-19,1.8103e-11,1.6549e-08,-2.2176e-06,-3.0815e-33,0.004978
32,0.0044248,80,80,-5.8614e-11,-7.9064e-09,1.699e-06,-1.6941e-21,-9.4788e-19,-5.8614e-11,2.6663e-08,-2.4493e-06,1.3553e-20,0.0044248
32,0.0038717,80,80,9.9124e-11,-3.0984e-08,2.4493e-06,0,4.3283e-19,9.9124e-11,-7.3592e-10,-1.1805e-06,-2.4652e-32,0.0038717
32,0.0033186,80,80,-1.3964e-10,9.3782e-09,6.6195e-07,1.2326e-32,5.073e-18,-1.3964e-10,3.5305e-08,-2.4493e-06,0,0.0033186
32,0.0027655,60,60,4.0185e-11,-3.0429e-08,2.4493e-06,0,-2.6216e-19,-4.0185e-11,3.0429e-08,-2.4493e-06,0,0.0027655
32,0.0022124,60,60,-1.6822e-10,-2.9911e-10,1.2381e-06,0,-8.0913e-19,-1.6822e-10,4.0672e-08,-2.4493e-06,-1.6941e-21,0.0022124
32,0.0016593,60,60,-2.9625e-10,2.0186e-08,3.1625e-07,0,-6.0679e-19,-2.9625e-10,5.0914e-08,-2.4493e-06,6.7763e-21,0.0016593
32,0.0011062,40,40,2.3446e-10,-5.3326e-08,2.4493e-06,0,-1.9058e-19,-2.3446e-10,5.3326e-08,-2.4493e-06,0,0.0011062
32,0.00055311,40,40,8.8263e-10,-8.7895e-08,2.4493e-06,0,-9.5291e-20,-8.8263e-10,8.7895e-08,-2.4493e-06,0,0.00055311
32,-0.0055311,100,100,7.8996e-11,-4.737e-09,-8.6936e-07,-1.9722e-31,1.8489e-32,-7.8996e-11,4.737e-09,8.6936e-07,1.956e-35,-0.0055311
32,-0.004978,80,80,-1.8103e-11,2.2342e-08,-2.4493e-06,0,-5.565e-19,-1.8103e-11,-1.6549e-08,2.2176e-06,3.0815e-33,-0.004978
32,-0.0044248,80,80,5.8614e-11,7.9064e-09,-1.699e-06,-6.163e-33,-2.1295e-18,5.8614e-11,-2.6663e-08,2.4493e-06,-1.3553e-20,-0.0044248
32,-0.0038717,80,80,9.9124e-11,-7.3592e-10,-1.1805e-06,-1.5407e-32,-3.6012e-18,-9.9124e-11,7.3592e-10,1.1805e-06,0,-0.0038717
32,-0.0033186,80,80,1.3964e-10,-9.3782e-09,-6.6195e-07,-2.4652e-32,-5.073e-18,-1.3964e-10,9.3782e-09,6.6195e-07,2.4652e-32,-0.0033186
32,-0.0027655,60,60,-4.0185e-11,3.0429e-08,-2.4493e-06,0,2.6216e-19,-4.0185e-11,-2.0785e-08,2.1599e-06,0,-0.0027655
32,-0.0022124,60,60,1.6822e-10,2.9911e-10,-1.2381e-06,0,1.0647e-18,-1.6822e-10,-2.9911e-10,1.2381e-06,0,-0.0022124
32,-0.0016593,60,60,2.9625e-10,-2.0186e-08,-3.1625e-07,0,-5.9779e-19,-2.9625e-10,2.0186e-08,3.1625e-07,0,-0.0016593
32,-0.0011062,40,40,2.3446e-10,1.5813e-08,-1.699e-06,0,-2.0714e-19,-2.3446e-10,-1.5813e-08,1.699e-06,0,-0.0011062
32,-0.00055311,40,40,-8.8263e-10,8.7895e-08,-2.4493e-06,0,9.5291e-20,-8.8263e-10,5.3326e-08,-3.7513e-07,0,-0.00055311
33,0.0052009,100,100,-6.0534e-11,1.705e-09,9.5494e-07,1.3685e-46,9.7514e-33,6.0534e-11,-1.705e-09,-9.5494e-07,-1.6551e-34,0.0052009
33,0.0046808,100,100,-7.6137e-11,5.8657e-09,6.4288e-07,-1.0072e-21,-2.8873e-19,-7.6137e-11,2.4589e-08,-2.1656e-06,0,0.0046808
33,0.0041607,80,80,-3.3636e-11,-1.0871e-08,1.7351e-06,3.0815e-33,1.222e-18,-3.3636e-11,2.1635e-08,-2.1656e-06,0,0.0041607
33,0.0036406,80,80,-7.1729e-11,-2.7447e-09,1.2475e-06,1.2326e-32,2.6059e-18,-7.1729e-11,2.5698e-08,-2.1656e-06,0,0.0036406
33,0.0031206,80,80,1.0982e-10,-2.9761e-08,2.1656e-06,0,3.4898e-19,-1.0982e-10,2.9761e-08,-2.1656e-06,0,0.0031206
33,0.0026005,80,80,1.4791e-10,-3.3824e-08,2.1656e-06,0,2.9074e-19,-1.4791e-10,3.3824e-08,-2.1656e-06,0,0.0026005
33,0.0020804,60,60,-1.1999e-10,-4.8635e-09,1.3017e-06,0,-7.4941e-19,1.1999e-10,4.8635e-09,-1.3017e-06,0,0.0020804
33,0.0015603,60,60,2.4039e-10,-4.3293e-08,2.1656e-06,0,-1.4791e-19,-2.4039e-10,4.3293e-08,-2.1656e-06,0,0.0015603
33,0.0010402,40,40,1.3454e-10,-4.3269e-08,2.1656e-06,0,-1.7936e-19,-1.3454e-10,4.3269e-08,-2.1656e-06,0,0.0010402
33,0.00052009,60,40,4.8117e-10,-6.2556e-08,2.1656e-06,0,-4.934e-20,-7.4403e-10,7.5775e-08,-2.1656e-06,0,0.00052009
33,-0.0052009,100,100,6.0534e-11,-1.705e-09,-9.5494e-07,-1.3685e-46,-9.7514e-33,-6.0534e-11,1.705e-09,9.5494e-07,1.6551e-34,-0.0052009
33,-0.0046808,100,100,7.6137e-11,-5.8657e-09,-6.4288e-07,1.0069e-21,2.8873e-19,7.6137e-11,-2.4589e-08,2.1656e-06,0,-0.0046808
33,-0.0041607,80,80,3.3636e-11,1.0871e-08,-1.7351e-06,-3.0815e-33,-1.222e-18,-3.3636e-11,-1.0871e-08,1.7351e-06,3.0815e-33,-0.0041607
33,-0.0036406,80,80,7.1729e-11,2.7447e-09,-1.2475e-06,-6.163e-33,-2.6059e-18,-7.1729e-11,-2.7447e-09,1.2475e-06,1.2326e-32,-0.0036406
33,-0.0031206,80,80,1.0982e-10,-5.3818e-09,-7.599e-07,-2.4652e-32,-3.9899e-18,-1.0982e-10,5.3818e-09,7.599e-07,2.4652e-32,-0.0031206
33,-0.0026005,80,80,-1.4791e-10,3.3824e-08,-2.1656e-06,0,-2.9074e-19,1.4791e-10,-3.3824e-08,2.1656e-06,-6.7763e-21,-0.0026005
33,-0.0020804,60,60,-1.1999e-10,3.3662e-08,-2.1656e-06,0,1.9736e-19,-1.1999e-10,-4.8635e-09,1.3017e-06,0,-0.0020804
33,-0.0015603,60,80,-2.4039e-10,4.3293e-08,-2.1656e-06,0,1.4791e-19,2.241e-10,-4.1951e-08,2.1656e-06,0,-0.0015603
33,-0.0010402,40,40,1.3454e-10,2.1742e-08,-1.7351e-06,0,-1.1887e-19,-1.3454e-10,-2.1742e-08,1.7351e-06,0,-0.0010402
33,-0.00052009,60,60,-4.8117e-10,6.2556e-08,-2.1656e-06,0,4.934e-20,-4.8117e-10,5.2925e-08,-1.2988e-06,0,-0.00052009
34,0.0048995,100,100,-4.5202e-11,-7.5867e-10,1.0178e-06,-1.6822e-36,-4.8152e-34,4.5202e-11,7.5867e-10,-1.0178e-06,-4.2352e-22,0.0048995
34,0.0044095,100,100,-5.99e-11,3.1609e-09,7.2386e-07,-9.4963e-22,-2.72e-19,5.99e-11,-3.1609e-09,-7.2386e-07,-1.5407e-32,0.0044095
34,0.0039196,80,80,-1.3212e-11,-1.3197e-08,1.7528e-06,1.5407e-33,4.7998e-19,-1.3212e-11,1.7425e-08,-1.9219e-06,0,0.0039196
34,0.0034296,80,80,-4.9096e-11,-5.5416e-09,1.2934e-06,1.2326e-32,1.7837e-18,4.9096e-11,5.5416e-09,-1.2934e-06,-1.2326e-32,0.0034296
34,0.0029397,80,80,8.4981e-11,-2.508e-08,1.9219e-06,0,3.2865e-19,-8.4981e-11,2.508e-08,-1.9219e-06,0,0.0029397
34,0.0024497,80,80,1.2087e-10,-2.8908e-08,1.9219e-06,0,2.7391e-19,-1.2087e-10,2.8908e-08,-1.9219e-06,0,0.0024497
34,0.0019598,60,60,8.0194e-11,-2.777e-08,1.9219e-06,0,-1.8571e-19,8.0194e-11,8.5229e-09,-1.3445e-06,0,0.0019598
34,0.0014698,60,60,-1.9361e-10,9.6233e-09,5.2788e-07,0,-5.295e-19,1.9361e-10,-9.6233e-09,-5.2788e-07,0,0.0014698
34,0.0009799,40,40,-5.2846e-11,-2.6394e-08,1.7528e-06,0,4.6688e-20,5.2846e-11,2.6394e-08,-1.7528e-06,0,0.0009799
34,0.00048995,40,40,-6.27e-10,3.4849e-08,-8.4554e-08,0,-5.312e-19,-6.27e-10,6.5471e-08,-1.9219e-06,-1.6941e-21,0.00048995
34,-0.0048995,100,100,4.5202e-11,7.5867e-10,-1.0178e-06,1.6822e-36,4.8152e-34,-4.5202e-11,-7.5867e-10,1.0178e-06,4.2352e-22,-0.0048995
34,-0.0044095,100,100,5.99e-11,-3.1609e-09,-7.2386e-07,1.3553e-20,-1.765e-19,-5.99e-11,3.1609e-09,7.2386e-07,1.5407e-32,-0.0044095
34,-0.0039196,80,80,1.3212e-11,1.3197e-08,-1.7528e-06,-1.5407e-33,-4.7998e-19,1.3212e-11,-1.7425e-08,1.9219e-06,-6.7763e-21,-0.0039196
34,-0.0034296,80,80,-4.9096e-11,2.1252e-08,-1.9219e-06,0,-3.8349e-19,-4.9096e-11,-5.5416e-09,1.2934e-06,6.163e-33,-0.0034296
34,-0.0029397,80,80,-8.4981e-11,2.508e-08,-1.9219e-06,0,-3.2865e-19,8.4981e-11,-2.508e-08,1.9219e-06,0,-0.0029397
34,-0.0024497,80,80,-1.2087e-10,2.8908e-08,-1.9219e-06,0,-2.7391e-19,-1.2087e-10,9.7693e-09,3.7477e-07,2.4652e-32,-0.0024497
34,-0.0019598,60,60,8.0194e-11,8.5229e-09,-1.3445e-06,0,-7.0621e-19,-8.0194e-11,-8.5229e-09,1.3445e-06,0,-0.0019598
34,-0.0014698,60,60,-1.9361e-10,3.6843e-08,-1.9219e-06,0,1.3934e-19,-1.9361e-10,9.6233e-09,5.2788e-07,0,-0.0014698
34,-0.0009799,40,40,5.2846e-11,2.6394e-08,-1.7528e-06,0,-4.6688e-20,-5.2846e-11,-2.6394e-08,1.7528e-06,-3.3881e-21,-0.0009799
34,-0.00048995,40,40,-6.27e-10,6.5471e-08,-1.9219e-06,0,8.4492e-20,-6.27e-10,3.4849e-08,-8.4554e-08,0,-0.00048995
35,0.0046235,100,100,-3.244e-11,-2.759e-09,1.0627e-06,3.2958e-36,-1.0051e-33,3.244e-11,2.759e-09,-1.0627e-06,-9.2445e-33,0.0046235
35,0.0041612,100,100,-4.6311e-11,9.3979e-10,7.8524e-07,-8.9616e-22,-2.5668e-19,4.6311e-11,-9.3979e-10,-7.8524e-07,-1.5407e-32,0.0041612
35,0.0036988,100,100,-6.0181e-11,4.6386e-09,5.0783e-07,-1.7927e-21,-5.1336e-19,-6.0181e-11,1.9434e-08,-1.7115e-06,6.7763e-21,0.0036988
35,0.0032365,80,80,3.0369e-11,-1.7502e-08,1.7115e-06,0,3.6189e-19,-3.0369e-11,1.7502e-08,-1.7115e-06,0,0.0032365
35,0.0027741,80,80,-6.4233e-11,-5.5908e-10,8.8927e-07,9.2445e-33,2.3336e-18,6.4233e-11,5.5908e-10,-8.8927e-07,-1.2326e-32,0.0027741
35,0.0023118,80,80,-9.8097e-11,6.6652e-09,4.5582e-07,2.4652e-32,3.5639e-18,-9.8097e-11,2.4726e-08,-1.7115e-06,0,0.0023118
35,0.0018494,60,60,4.7301e-11,-2.28e-08,1.7115e-06,0,-1.7534e-19,4.7301e-11,1.1448e-08,-1.3709e-06,0,0.0018494
35,0.0013871,60,60,1.5433e-10,-3.1362e-08,1.7115e-06,0,-1.315e-19,1.5433e-10,-5.6761e-09,-6.003e-07,0,0.0013871
35,0.0009247,60,60,2.6135e-10,-3.9924e-08,1.7115e-06,0,-8.7668e-20,-2.6135e-10,3.9924e-08,-1.7115e-06,0,0.0009247
35,0.00046235,40,40,5.2784e-10,-5.6676e-08,1.7115e-06,0,-7.9621e-20,5.2784e-10,-2.7779e-08,-2.2363e-08,0,0.00046235
35,-0.0046235,100,100,3.244e-11,2.759e-09,-1.0627e-06,-2.1972e-36,6.7005e-34,-3.244e-11,-2.759e-09,1.0627e-06,9.2445e-33,-0.0046235
35,-0.0041612,100,100,4.6311e-11,-9.3979e-10,-7.8524e-07,8.9705e-22,2.5668e-19,-4.6311e-11,9.3979e-10,7.8524e-07,1.5407e-32,-0.0041612
35,-0.0036988,100,100,6.0181e-11,-4.6386e-09,-5.0783e-07,1.7934e-21,5.1336e-19,6.0181e-11,-1.9434e-08,1.7115e-06,-6.7763e-21,-0.0036988
35,-0.0032365,80,80,-3.0369e-11,1.7502e-08,-1.7115e-06,0,-3.6189e-19,3.0369e-11,-1.7502e-08,1.7115e-06,0,-0.0032365
35,-0.0027741,80,80,6.4233e-11,5.5908e-10,-8.8927e-07,-9.2445e-33,-2.3336e-18,6.4233e-11,-2.1114e-08,1.7115e-06,-6.7763e-21,-0.0027741
35,-0.0023118,80,80,9.8097e-11,-6.6652e-09,-4.5582e-07,-2.4652e-32,-3.5639e-18,9.8097e-11,-2.4726e-08,1.7115e-06,-3.3881e-21,-0.0023118
35,-0.0018494,60,60,-4.7301e-11,2.28e-08,-1.7115e-06,0,1.7534e-19,-4.7301e-11,-1.1448e-08,1.3709e-06,0,-0.0018494
35,-0.0013871,60,60,-1.5433e-10,3.1362e-08,-1.7115e-06,0,1.315e-19,-1.5433e-10,5.6761e-09,6.003e-07,0,-0.0013871
35,-0.0009247,60,60,-2.6135e-10,3.9924e-08,-1.7115e-06,0,8.7668e-20,-2.6135e-10,2.28e-08,-1.7028e-07,0,-0.0009247
35,-0.00046235,40,40,-5.2784e-10,5.6676e-08,-1.7115e-06,0,7.9621e-20,-5.2784e-10,2.7779e-08,2.2363e-08,0,-0.00046235
36,0.0043702,100,100,2.18e-11,-1.3101e-08,1.5291e-06,0,-1.3345e-18,-2.18e-11,1.3101e-08,-1.5291e-06,2.7797e-49,0.0043702
36,0.0039332,100,100,3.4911e-11,-1.4849e-08,1.5291e-06,0,-1.201e-18,3.4911e-11,8.8417e-10,-8.3085e-07,-9.2445e-33,0.0039332
36,0.0034962,100,100,4.8022e-11,-1.6597e-08,1.5291e-06,0,-1.0676e-18,-4.8022e-11,1.6597e-08,-1.5291e-06,6.7763e-21,0.0034962
36,0.0030592,80,80,-1.4858e-11,-9.5725e-09,1.3389e-06,-4.2352e-22,-2.4028e-19,-1.4858e-11,1.4327e-08,-1.5291e-06,0,0.0030592
36,0.0026221,80,80,-4.6867e-11,-2.744e-09,9.2918e-07,0,-7.5791e-19,-4.6867e-11,1.7741e-08,-1.5291e-06,0,0.0026221
36,0.0021851,80,80,-7.8875e-11,4.0844e-09,5.1947e-07,1.2326e-32,2.8656e-18,-7.8875e-11,2.1156e-08,-1.5291e-06,0,0.0021851
36,0.0017481,80,60,-1.1088e-10,1.0913e-08,1.0976e-07,2.4652e-32,4.0284e-18,-2.0092e-11,1.8597e-08,-1.5291e-06,0,0.0017481
36,0.0013111,60,80,1.2125e-10,-2.669e-08,1.5291e-06,0,-1.243e-19,-1.4289e-10,2.7984e-08,-1.5291e-06,0,0.0013111
36,0.00087404,60,60,-2.2242e-10,1.8597e-08,-7.2331e-08,0,-3.5141e-19,-2.2242e-10,3.4783e-08,-1.5291e-06,0,0.00087404
36,0.00043702,40,40,-4.4353e-10,2.1826e-08,1.0976e-07,0,3.9185e-19,4.4353e-10,-2.1826e-08,-1.0976e-07,0,0.00043702
36,-0.0043702,100,100,2.18e-11,4.3803e-09,-1.0931e-06,-7.87e-32,4.4509e-34,2.18e-11,-1.3101e-08,1.5291e-06,-2.7797e-49,-0.0043702
36,-0.0039332,100,100,-3.4911e-11,1.4849e-08,-1.5291e-06,0,1.201e-18,-3.4911e-11,-8.8417e-10,8.3085e-07,9.2445e-33,-0.0039332
36,-0.0034962,100,100,-4.8022e-11,1.6597e-08,-1.5291e-06,0,1.0676e-18,4.8022e-11,-1.6597e-08,1.5291e-06,-6.7763e-21,-0.0034962
36,-0.0030592,80,80,1.4858e-11,9.5725e-09,-1.3389e-06,-1.5407e-33,-5.398e-19,-1.4858e-11,-9.5725e-09,1.3389e-06,-4.2352e-22,-0.0030592
36,-0.0026221,80,80,-4.6867e-11,1.7741e-08,-1.5291e-06,0,1.6324e-19,-4.6867e-11,-2.744e-09,9.2918e-07,0,-0.0026221
36,-0.0021851,80,80,7.8875e-11,-4.0844e-09,-5.1947e-07,-1.2326e-32,-2.8656e-18,7.8875e-11,-2.1156e-08,1.5291e-06,0,-0.0021851
36,-0.0017481,60,60,-2.0092e-11,1.8597e-08,-1.5291e-06,0,1.6559e-19,-2.0092e-11,-1.3775e-08,1.3844e-06,2.1176e-22,-0.0017481
36,-0.0013111,60,80,-1.2125e-10,2.669e-08,-1.5291e-06,0,1.243e-19,-1.4289e-10,1.7741e-08,-2.9995e-07,0,-0.0013111
36,-0.00087404,60,60,-2.2242e-10,3.4783e-08,-1.5291e-06,0,8.2797e-20,-2.2242e-10,1.8597e-08,-7.2331e-08,3.3881e-21,-0.00087404
36,-0.00043702,40,40,4.4353e-10,-2.1826e-08,-1.0976e-07,0,-3.9185e-19,-4.4353e-10,2.1826e-08,1.0976e-07,0,-0.00043702
37,0.0041372,100,100,1.2919e-11,-1.0858e-08,1.3703e-06,0,-1.2632e-18,-1.2919e-11,1.0858e-08,-1.3703e-06,3.6734e-39,0.0041372
37,0.0037235,100,100,2.5331e-11,-1.2513e-08,1.3703e-06,0,-1.1369e-18,-2.5331e-11,1.2513e-08,-1.3703e-06,1.6941e-21,0.0037235
37,0.0033097,100,100,3.7742e-11,-1.4168e-08,1.3703e-06,0,-1.0106e-18,3.7742e-11,-9.2897e-10,-6.155e-07,0,0.0033097
37,0.002896,80,80,-2.0053e-12,-1.0992e-08,1.3447e-06,0,-3.2429e-20,2.0053e-12,1.0992e-08,-1.3447e-06,-1.9259e-34,0.002896
37,0.0024823,80,80,-3.2307e-11,-4.5274e-09,9.5682e-07,6.163e-33,1.1737e-18,3.2307e-11,4.5274e-09,-9.5682e-07,-3.0815e-33,0.0024823
37,0.0020686,80,80,-6.2609e-11,1.9369e-09,5.6896e-07,6.163e-33,2.2746e-18,-6.2609e-11,1.8098e-08,-1.3703e-06,0,0.0020686
37,0.0016549,80,80,9.291e-11,-2.133e-08,1.3703e-06,0,1.8497e-19,9.291e-11,-8.4013e-09,-1.811e-07,-2.4652e-32,0.0016549
37,0.0012412,60,60,9.3348e-11,-2.2694e-08,1.3703e-06,0,-1.1763e-19,-9.3348e-11,2.2694e-08,-1.3703e-06,0,0.0012412
37,0.00082744,60,60,1.8912e-10,-3.0355e-08,1.3703e-06,0,-7.8456e-20,1.8912e-10,-1.5032e-08,-8.7141e-09,4.9304e-32,0.00082744
37,0.00041372,40,40,-3.7164e-10,1.6803e-08,1.811e-07,0,3.2834e-19,3.7164e-10,-1.6803e-08,-1.811e-07,0,0.00041372
37,-0.0041372,100,100,-1.2919e-11,1.0858e-08,-1.3703e-06,0,1.2632e-18,1.2919e-11,-1.0858e-08,1.3703e-06,-3.6734e-39,-0.0041372
37,-0.0037235,100,100,2.5331e-11,2.3808e-09,-8.6373e-07,8.0162e-22,2.2968e-19,-2.5331e-11,-2.3808e-09,8.6373e-07,6.7763e-21,-0.0037235
37,-0.0033097,100,100,-3.7742e-11,1.4168e-08,-1.3703e-06,0,1.0106e-18,-3.7742e-11,9.2897e-10,6.155e-07,3.3881e-21,-0.0033097
37,-0.002896,80,80,-2.0053e-12,1.1633e-08,-1.3703e-06,-1.5882e-22,6.9831e-21,2.0053e-12,-1.1633e-08,1.3703e-06,0,-0.002896
37,-0.0024823,80,80,-3.2307e-11,1.4866e-08,-1.3703e-06,-2.5411e-21,1.125e-19,-3.2307e-11,-4.5274e-09,9.5682e-07,3.0815e-33,-0.0024823
37,-0.0020686,80,80,6.2609e-11,-1.9369e-09,-5.6896e-07,-1.2326e-32,-2.2746e-18,-6.2609e-11,1.9369e-09,5.6896e-07,1.2326e-32,-0.0020686
37,-0.0016549,80,80,-9.291e-11,2.133e-08,-1.3703e-06,0,-1.8497e-19,-9.291e-11,8.4013e-09,1.811e-07,0,-0.0016549
37,-0.0012412,60,60,-9.3348e-11,2.2694e-08,-1.3703e-06,0,1.1763e-19,-9.3348e-11,-2.9047e-10,6.9824e-07,1.6941e-21,-0.0012412
37,-0.00082744,60,60,-1.8912e-10,3.0355e-08,-1.3703e-06,0,7.8456e-20,-1.8912e-10,1.5032e-08,8.7141e-09,1.6941e-21,-0.00082744
37,-0.00041372,40,40,3.7164e-10,-1.6803e-08,-1.811e-07,0,-3.2834e-19,-3.7164e-10,1.6803e-08,1.811e-07,-9.735e-34,-0.00041372
38,0.0039223,100,120,-5.5004e-12,-6.7445e-09,1.1217e-06,0,1.2375e-33,2.8788e-11,-2.3694e-09,-4.026e-07,1.0588e-22,0.0039223
38,0.0035301,100,100,-1.7267e-11,-3.6067e-09,8.8635e-07,4.6222e-33,3.2263e-19,-1.7267e-11,1.0514e-08,-1.2317e-06,0,0.0035301
38,0.0031378,100,100,-2.9034e-11,-4.6884e-10,6.5101e-07,6.163e-33,5.4248e-19,-2.9034e-11,1.2083e-08,-1.2317e-06,6.7763e-21,0.0031378
38,0.0027456,100,100,4.0801e-11,-1.3651e-08,1.2317e-06,0,-8.3835e-19,4.0801e-11,-2.669e-09,-4.1567e-07,-1.0785e-32,0.0027456
38,0.0023534,80,80,2.0086e-11,-1.2407e-08,1.2317e-06,0,2.6311e-19,-2.0086e-11,1.2407e-08,-1.2317e-06,-8.4703e-22,0.0023534
38,0.0019612,80,80,4.8813e-11,-1.5471e-08,1.2317e-06,0,2.1928e-19,4.8813e-11,-1.4938e-10,-6.0688e-07,-1.2326e-32,0.0019612
38,0.0015689,80,80,7.7541e-11,-1.8535e-08,1.2317e-06,0,1.7534e-19,-7.7541e-11,1.8535e-08,-1.2317e-06,-1.6941e-21,0.0015689
38,0.0011767,60,60,6.9755e-11,-1.9266e-08,1.2317e-06,0,-1.1149e-19,6.9755e-11,2.5246e-09,-7.2946e-07,0,0.0011767
38,0.00078446,60,80,-1.6055e-10,1.2002e-08,7.5739e-08,0,-2.8259e-19,-1.35e-10,2.4664e-08,-1.2317e-06,0,0.00078446
38,0.00039223,40,40,3.1016e-10,-3.707e-08,1.2317e-06,0,-6.7551e-20,-3.1016e-10,3.707e-08,-1.2317e-06,0,0.00039223
38,-0.0039223,100,120,-5.5004e-12,8.9447e-09,-1.2317e-06,3.7704e-36,-1.1556e-33,-2.8788e-11,2.3694e-09,4.026e-07,-1.0588e-22,-0.0039223
38,-0.0035301,100,140,1.7267e-11,3.6067e-09,-8.8635e-07,-4.6222e-33,-3.2263e-19,-3.5274e-11,7.3039e-09,-1.5106e-07,0,-0.0035301
38,-0.0031378,100,100,2.9034e-11,4.6884e-10,-6.5101e-07,1.52e-21,4.355e-19,2.9034e-11,-1.2083e-08,1.2317e-06,-6.7763e-21,-0.0031378
38,-0.0027456,100,100,-4.0801e-11,1.3651e-08,-1.2317e-06,0,8.3835e-19,-4.0801e-11,2.669e-09,4.1567e-07,0,-0.0027456
38,-0.0023534,80,80,-2.0086e-11,1.2407e-08,-1.2317e-06,0,-2.6311e-19,2.0086e-11,-1.2407e-08,1.2317e-06,0,-0.0023534
38,-0.0019612,80,80,-4.8813e-11,1.5471e-08,-1.2317e-06,0,-2.1928e-19,-4.8813e-11,1.4938e-10,6.0688e-07,1.2326e-32,-0.0019612
38,-0.0015689,80,80,-7.7541e-11,1.8535e-08,-1.2317e-06,0,-1.7534e-19,-7.7541e-11,6.278e-09,2.3917e-07,0,-0.0015689
38,-0.0011767,60,60,-6.9755e-11,1.9266e-08,-1.2317e-06,0,1.1149e-19,-6.9755e-11,-2.5246e-09,7.2946e-07,0,-0.0011767
38,-0.00078446,80,60,-1.35e-10,2.4664e-08,-1.2317e-06,0,-8.7668e-20,-1.6055e-10,1.2002e-08,7.5739e-08,0,-0.00078446
38,-0.00039223,40,40,-3.1016e-10,3.707e-08,-1.2317e-06,0,6.7551e-20,3.1016e-10,-3.707e-08,1.2317e-06,0,-0.00039223
39,0.0037237,120,120,-2.322e-11,1.2629e-09,4.4141e-07,-7.7037e-34,-4.6439e-19,2.322e-11,-1.2629e-09,-4.4141e-07,6.0185e-36,0.0037237
39,0.0033514,100,100,1.0473e-11,-8.7974e-09,1.1101e-06,0,-1.0233e-18,-1.0473e-11,8.7974e-09,-1.1101e-06,8.4703e-22,0.0033514
39,0.002979,100,100,-2.1645e-11,-1.6291e-09,6.7725e-07,6.163e-33,4.0441e-19,2.1645e-11,1.6291e-09,-6.7725e-07,-6.163e-33,0.002979
39,0.0026066,100,100,-3.2816e-11,1.3499e-09,4.5383e-07,9.2445e-33,6.1314e-19,-3.2816e-11,1.1776e-08,-1.1101e-06,0,0.0026066
39,0.0022342,80,80,-9.8191e-12,-7.1565e-09,9.8446e-07,7.7037e-34,3.5673e-19,-9.8191e-12,1.0299e-08,-1.1101e-06,0,0.0022342
39,0.0018619,80,80,3.7093e-11,-1.3208e-08,1.1101e-06,0,2.0816e-19,-3.7093e-11,1.3208e-08,-1.1101e-06,0,0.0018619
39,0.0014895,80,80,-6.4366e-11,4.4802e-09,2.8626e-07,6.163e-33,2.3384e-18,-6.4366e-11,1.6117e-08,-1.1101e-06,0,0.0014895
39,0.0011171,60,60,-4.978e-11,-4.3701e-09,7.5173e-07,0,-4.0848e-19,4.978e-11,4.3701e-09,-7.5173e-07,0,0.0011171
39,0.00074475,60,60,1.3598e-10,-2.3213e-08,1.1101e-06,0,-7.0568e-20,1.3598e-10,-9.4215e-09,-1.311e-07,0,0.00074475
39,0.00037237,40,40,-2.5746e-10,8.9605e-09,2.8626e-07,0,2.2746e-19,2.5746e-10,-8.9605e-09,-2.8626e-07,0,0.00037237
39,-0.0037237,120,120,2.322e-11,-1.2629e-09,-4.4141e-07,7.7037e-34,4.6439e-19,-2.322e-11,1.2629e-09,4.4141e-07,-6.0185e-36,-0.0037237
39,-0.0033514,100,100,-1.0473e-11,8.7974e-09,-1.1101e-06,0,1.0233e-18,-1.0473e-11,-4.608e-09,9.0068e-07,-1.3553e-20,-0.0033514
39,-0.002979,100,100,2.1645e-11,1.6291e-09,-6.7725e-07,-6.163e-33,-4.0441e-19,-2.1645e-11,-1.6291e-09,6.7725e-07,-1.6941e-21,-0.002979
39,-0.0026066,100,120,3.2816e-11,-1.3499e-09,-4.5383e-07,-9.2445e-33,-6.1314e-19,3.9382e-11,-1.2469e-08,1.1101e-06,3.3881e-21,-0.0026066
39,-0.0022342,80,80,9.8191e-12,7.1565e-09,-9.8446e-07,-7.7037e-34,-3.5673e-19,-9.8191e-12,-7.1565e-09,9.8446e-07,1.5407e-33,-0.0022342
39,-0.0018619,80,80,3.7093e-11,1.3381e-09,-6.3536e-07,-6.163e-33,-1.3476e-18,-3.7093e-11,-1.3381e-09,6.3536e-07,6.163e-33,-0.0018619
39,-0.0014895,80,80,6.4366e-11,-4.4802e-09,-2.8626e-07,-6.163e-33,-2.3384e-18,-6.4366e-11,4.4802e-09,2.8626e-07,6.163e-33,-0.0014895
39,-0.0011171,60,60,4.978e-11,4.3701e-09,-7.5173e-07,0,-4.0859e-19,-4.978e-11,-4.3701e-09,7.5173e-07,0,-0.0011171
39,-0.00074475,60,60,-1.3598e-10,2.3213e-08,-1.1101e-06,0,7.0568e-20,-1.3598e-10,9.4215e-09,1.311e-07,1.6941e-21,-0.00074475
39,-0.00037237,40,40,2.5746e-10,-8.9605e-09,-2.8626e-07,0,-2.2746e-19,-2.5746e-10,8.9605e-09,2.8626e-07,0,-0.00037237
40,0.0035399,120,120,-1.8455e-11,3.3206e-10,4.7173e-07,-7.7037e-34,-3.6909e-19,1.8455e-11,-3.3206e-10,-4.7173e-07,-2.1176e-22,0.0035399
40,0.0031859,100,100,-4.7456e-12,-5.4227e-09,9.0831e-07,1.3482e-33,8.8668e-20,-4.7456e-12,7.3209e-09,-1.0032e-06,0,0.0031859
40,0.0028319,100,100,1.5365e-11,-8.7369e-09,1.0032e-06,0,-8.6471e-19,-1.5365e-11,8.7369e-09,-1.0032e-06,6.7763e-21,0.0028319
40,0.0024779,120,100,3.3819e-11,-1.0984e-08,1.0032e-06,0,7.0097e-19,2.5985e-11,-2.4115e-10,-4.8353e-07,0,0.0024779
40,0.0021239,80,80,-1.1926e-12,-8.1058e-09,9.8796e-07,-2.647e-23,-1.9286e-20,-1.1926e-12,8.4874e-09,-1.0032e-06,0,0.0021239
40,0.0017699,80,80,-2.7119e-11,-2.5747e-09,6.5609e-07,3.0815e-33,9.8526e-19,2.7119e-11,2.5747e-09,-6.5609e-07,-6.163e-33,0.0017699
40,0.001416,80,80,-5.3046e-11,2.9563e-09,3.2423e-07,6.163e-33,1.9272e-18,5.3046e-11,-2.9563e-09,-3.2423e-07,-7.7037e-33,0.001416
40,0.001062,60,60,-3.2848e-11,-5.8912e-09,7.6672e-07,0,-3.8244e-19,-3.2848e-11,1.3775e-08,-1.0032e-06,0,0.001062
40,0.00070798,60,60,1.1479e-10,-2.033e-08,1.0032e-06,0,-6.7127e-20,1.1479e-10,-7.2195e-09,-1.7674e-07,0,0.00070798
40,0.00035399,40,40,2.1219e-10,-2.8037e-08,1.0032e-06,0,-6.0986e-20,-2.1219e-10,2.8037e-08,-1.0032e-06,0,0.00035399
40,-0.0035399,120,120,-1.8455e-11,8.5262e-09,-1.0032e-06,6.5733e-32,6.7724e-34,-1.8455e-11,3.3206e-10,4.7173e-07,2.1176e-22,-0.0035399
40,-0.0031859,100,100,4.7456e-12,5.4227e-09,-9.0831e-07,-1.3482e-33,-8.8668e-20,4.7456e-12,-7.3209e-09,1.0032e-06,0,-0.0031859
40,-0.0028319,100,100,-1.5365e-11,8.7369e-09,-1.0032e-06,0,8.6471e-19,1.5365e-11,-8.7369e-09,1.0032e-06,-6.7763e-21,-0.0028319
40,-0.0024779,100,100,-2.5985e-11,1.0153e-08,-1.0032e-06,0,7.5661e-19,-2.5985e-11,2.4115e-10,4.8353e-07,0,-0.0024779
40,-0.0021239,80,100,1.1926e-12,8.1058e-09,-9.8796e-07,-1.9259e-34,-4.3327e-20,-3.6605e-11,3.0731e-09,2.7113e-07,0,-0.0021239
40,-0.0017699,80,80,2.7119e-11,2.5747e-09,-6.5609e-07,-3.0815e-33,-9.8526e-19,-2.7119e-11,-2.5747e-09,6.5609e-07,6.163e-33,-0.0017699
40,-0.001416,80,80,5.3046e-11,-2.9563e-09,-3.2423e-07,-6.163e-33,-1.9272e-18,5.3046e-11,-1.4018e-08,1.0032e-06,-3.3881e-21,-0.001416
40,-0.001062,60,60,3.2848e-11,5.8912e-09,-7.6672e-07,0,-3.8254e-19,-3.2848e-11,-5.8912e-09,7.6672e-07,0,-0.001062
40,-0.00070798,60,60,-1.1479e-10,2.033e-08,-1.0032e-06,0,6.7127e-20,-1.1479e-10,7.2195e-09,1.7674e-07,0,-0.00070798
40,-0.00035399,40,40,-2.1219e-10,2.8037e-08,-1.0032e-06,0,6.0986e-20,2.1219e-10,-2.8037e-08,1.0032e-06,0,-0.00035399
41,0.0033693,120,120,1.437e-11,-7.3485e-09,9.0887e-07,0,9.5312e-19,1.437e-11,4.508e-10,-4.9501e-07,-3.1764e-22,0.0033693
41,0.0030324,120,120,1.9245e-11,-8.1285e-09,9.0887e-07,-3.3881e-21,8.5783e-19,1.9245e-11,-1.1091e-09,-3.5462e-07,1.5407e-33,0.0030324
41,0.0026954,100,100,1.0024e-11,-7.3956e-09,9.0887e-07,0,-8.23e-19,-1.0024e-11,7.3956e-09,-9.0887e-07,6.7763e-21,0.0026954
41,0.0023585,100,100,2.0132e-11,-8.7434e-09,9.0887e-07,0,-7.2014e-19,-2.0132e-11,8.7434e-09,-9.0887e-07,6.7763e-21,0.0023585
41,0.0020216,100,100,-3.024e-11,2.0047e-09,3.0408e-07,7.7037e-33,5.65e-19,3.024e-11,-2.0047e-09,-3.0408e-07,-7.7037e-33,0.0020216
41,0.0016847,80,80,1.8623e-11,-9.5604e-09,9.0887e-07,0,1.8836e-19,-1.8623e-11,9.5604e-09,-9.0887e-07,6.7763e-21,0.0016847
41,0.0013477,80,80,-4.3301e-11,1.6636e-09,3.5462e-07,6.163e-33,1.5731e-18,-4.3301e-11,1.2193e-08,-9.0887e-07,0,0.0013477
41,0.0010108,60,60,1.8484e-11,-1.1577e-08,9.0887e-07,0,-9.5821e-20,1.8484e-11,7.1411e-09,-7.7578e-07,0,0.0010108
41,0.00067386,60,60,-9.6478e-11,5.3379e-09,2.1423e-07,0,-2.4283e-19,9.6478e-11,-5.3379e-09,-2.1423e-07,0,0.00067386
41,0.00033693,40,40,1.732e-10,-2.4385e-08,9.0887e-07,0,-5.8022e-20,-1.732e-10,2.4385e-08,-9.0887e-07,0,0.00033693
41,-0.0033693,120,120,-1.437e-11,7.3485e-09,-9.0887e-07,0,9.5297e-19,-1.437e-11,-4.508e-10,4.9501e-07,3.1764e-22,-0.0033693
41,-0.0030324,120,120,-1.9245e-11,8.1285e-09,-9.0887e-07,0,8.5767e-19,-1.9245e-11,1.1091e-09,3.5462e-07,-1.5407e-33,-0.0030324
41,-0.0026954,100,100,-1.0024e-11,7.3956e-09,-9.0887e-07,0,8.23e-19,1.0024e-11,-7.3956e-09,9.0887e-07,-6.7763e-21,-0.0026954
41,-0.0023585,100,100,-2.0132e-11,8.7434e-09,-9.0887e-07,0,7.2014e-19,2.0132e-11,-8.7434e-09,9.0887e-07,-6.7763e-21,-0.0023585
41,-0.0020216,100,100,3.024e-11,-2.0047e-09,-3.0408e-07,-7.7037e-33,-5.65e-19,-3.024e-11,2.0047e-09,3.0408e-07,7.7037e-33,-0.0020216
41,-0.0016847,80,80,-1.8623e-11,9.5604e-09,-9.0887e-07,0,-1.8836e-19,1.8623e-11,-9.5604e-09,9.0887e-07,-6.7763e-21,-0.0016847
41,-0.0013477,80,80,4.3301e-11,-1.6636e-09,-3.5462e-07,-6.163e-33,-1.5731e-18,4.3301e-11,-1.2193e-08,9.0887e-07,-3.3881e-21,-0.0013477
41,-0.0010108,60,60,-1.8484e-11,1.1577e-08,-9.0887e-07,0,9.5821e-20,-1.8484e-11,-7.1411e-09,7.7578e-07,0,-0.0010108
41,-0.00067386,60,60,-9.6478e-11,1.7817e-08,-9.0887e-07,0,6.3898e-20,-9.6478e-11,5.3379e-09,2.1423e-07,0,-0.00067386
41,-0.00033693,40,40,-1.732e-10,2.4385e-08,-9.0887e-07,0,5.8022e-20,1.732e-10,-2.4385e-08,9.0887e-07,0,-0.00033693
42,0.0032108,120,120,1.0864e-11,-6.3236e-09,8.2535e-07,-3.3881e-21,9.0834e-19,1.0864e-11,1.1088e-09,-5.1247e-07,0,0.0032108
42,0.0028897,120,120,-1.5509e-11,3.7768e-10,3.7869e-07,-1.0593e-33,-3.1019e-19,1.5509e-11,-3.7768e-10,-3.7869e-07,1.1556e-33,0.0028897
42,0.0025686,100,100,5.4769e-12,-6.2326e-09,8.2535e-07,0,-7.8425e-19,-5.4769e-12,6.2326e-09,-8.2535e-07,0,0.0025686
42,0.0022475,100,100,1.5109e-11,-7.5169e-09,8.2535e-07,0,-6.8631e-19,1.5109e-11,1.4732e-09,-5.2317e-07,-3.8519e-33,0.0022475
42,0.0019265,100,100,2.4742e-11,-8.8012e-09,8.2535e-07,0,-5.8821e-19,-2.4742e-11,8.8012e-09,-8.2535e-07,-1.6941e-21,0.0019265
42,0.0016054,80,80,1.138e-11,-8.0918e-09,8.2535e-07,0,1.7947e-19,-1.138e-11,8.0918e-09,-8.2535e-07,3.3881e-21,0.0016054
42,0.0012843,80,80,-3.4896e-11,5.6652e-10,3.7869e-07,3.0815e-33,1.2678e-18,3.4896e-11,-5.6652e-10,-3.7869e-07,-3.0815e-33,0.0012843
42,0.00096323,60,60,6.2947e-12,-9.6742e-09,8.2535e-07,0,-9.1268e-20,6.2947e-12,8.1635e-09,-7.8003e-07,0,0.00096323
42,0.00064215,60,60,8.0618e-11,-1.562e-08,8.2535e-07,0,-6.088e-20,8.0618e-11,-3.7283e-09,-2.449e-07,0,0.00064215
42,0.00032108,40,40,1.3958e-10,-2.12e-08,8.2535e-07,0,-5.5375e-20,-1.3958e-10,2.12e-08,-8.2535e-07,8.4703e-22,0.00032108
42,-0.0032108,120,120,-1.0864e-11,6.3236e-09,-8.2535e-07,0,9.0818e-19,-1.0864e-11,-1.1088e-09,5.1247e-07,0,-0.0032108
42,-0.0028897,120,120,-1.5509e-11,7.0668e-09,-8.2535e-07,0,8.1733e-19,-1.5509e-11,3.7768e-10,3.7869e-07,-1.1556e-33,-0.0028897
42,-0.0025686,100,100,-5.4769e-12,6.2326e-09,-8.2535e-07,0,7.8425e-19,-5.4769e-12,-4.0419e-09,7.1582e-07,0,-0.0025686
42,-0.0022475,100,120,1.5109e-11,1.4732e-09,-5.2317e-07,-3.8519e-33,-2.823e-19,2.48e-11,-8.5533e-09,8.2535e-07,3.3881e-21,-0.0022475
42,-0.0019265,100,100,-2.4742e-11,8.8012e-09,-8.2535e-07,0,5.8821e-19,-2.4742e-11,1.0954e-09,3.3052e-07,0,-0.0019265
42,-0.0016054,80,80,-1.138e-11,8.0918e-09,-8.2535e-07,0,-1.7947e-19,1.138e-11,-8.0918e-09,8.2535e-07,-3.3881e-21,-0.0016054
42,-0.0012843,80,80,-3.4896e-11,1.06e-08,-8.2535e-07,0,-1.4357e-19,-3.4896e-11,5.6652e-10,3.7869e-07,3.0815e-33,-0.0012843
42,-0.00096323,60,80,-6.2947e-12,9.6742e-09,-8.2535e-07,0,9.1268e-20,-5.8412e-11,5.5834e-09,7.7676e-08,-1.6941e-21,-0.00096323
42,-0.00064215,60,60,-8.0618e-11,1.562e-08,-8.2535e-07,0,6.088e-20,-8.0618e-11,3.7283e-09,2.449e-07,0,-0.00064215
42,-0.00032108,40,40,-1.3958e-10,2.12e-08,-8.2535e-07,0,5.5375e-20,-1.3958e-10,1.133e-09,3.7869e-07,0,-0.00032108
43,0.0030632,120,120,7.8509e-12,-5.4296e-09,7.5121e-07,0,-7.5513e-19,7.8509e-12,1.6611e-09,-5.2511e-07,0,0.0030632
43,0.0027569,120,120,1.2283e-11,-6.1386e-09,7.5121e-07,0,-6.7959e-19,1.2283e-11,2.4298e-10,-3.9748e-07,7.7037e-34,0.0027569
43,0.0024505,100,100,1.6053e-12,-5.2221e-09,7.5121e-07,0,-7.4825e-19,1.6053e-12,4.58e-09,-7.1911e-07,-3.8519e-34,0.0024505
43,0.0021442,100,100,1.0795e-11,-6.4474e-09,7.5121e-07,0,-6.547e-19,-1.0795e-11,6.4474e-09,-7.5121e-07,0,0.0021442
43,0.0018379,100,100,1.9984e-11,-7.6727e-09,7.5121e-07,0,-5.6116e-19,-1.9984e-11,7.6727e-09,-7.5121e-07,0,0.0018379
43,0.0015316,80,80,5.2005e-12,-6.8148e-09,7.5121e-07,0,1.7121e-19,-5.2005e-12,6.8148e-09,-7.5121e-07,0,0.0015316
43,0.0012253,80,80,2.7636e-11,-9.2079e-09,7.5121e-07,0,1.3701e-19,2.7636e-11,3.6447e-10,-3.9748e-07,-6.163e-33,0.0012253
43,0.00091895,80,80,5.0071e-11,-1.1601e-08,7.5121e-07,0,1.0276e-19,5.0071e-11,-4.4217e-09,-1.103e-07,-6.163e-33,0.00091895
43,0.00061263,60,60,6.6857e-11,-1.3695e-08,7.5121e-07,0,-5.8075e-20,-6.6857e-11,1.3695e-08,-7.5121e-07,0,0.00061263
43,0.00030632,40,40,1.1054e-10,-1.8416e-08,7.5121e-07,0,-5.2781e-20,1.1054e-10,7.2895e-10,-3.9748e-07,0,0.00030632
43,-0.0030632,120,120,-7.8509e-12,5.4296e-09,-7.5121e-07,0,7.5513e-19,7.8509e-12,-5.4296e-09,7.5121e-07,2.2959e-41,-0.0030632
43,-0.0027569,120,120,-1.2283e-11,6.1386e-09,-7.5121e-07,0,6.7959e-19,1.2283e-11,-6.1386e-09,7.5121e-07,-6.7763e-21,-0.0027569
43,-0.0024505,100,120,-1.6053e-12,5.2221e-09,-7.5121e-07,0,7.4825e-19,1.6714e-11,-6.8477e-09,7.5121e-07,3.3881e-21,-0.0024505
43,-0.0021442,100,100,-1.0795e-11,6.4474e-09,-7.5121e-07,0,6.547e-19,-1.0795e-11,-2.1295e-09,5.3532e-07,0,-0.0021442
43,-0.0018379,100,100,-1.9984e-11,7.6727e-09,-7.5121e-07,0,5.6116e-19,-1.9984e-11,3.2106e-10,3.5153e-07,-8.4703e-22,-0.0018379
43,-0.0015316,80,80,5.2005e-12,5.1507e-09,-6.8465e-07,-1.1556e-33,-1.8894e-19,-5.2005e-12,-5.1507e-09,6.8465e-07,0,-0.0015316
43,-0.0012253,80,80,-2.7636e-11,9.2079e-09,-7.5121e-07,0,-1.3701e-19,-2.7636e-11,-3.6447e-10,3.9748e-07,0,-0.0012253
43,-0.00091895,80,80,-5.0071e-11,1.1601e-08,-7.5121e-07,0,-1.0276e-19,-5.0071e-11,4.4217e-09,1.103e-07,1.6941e-21,-0.00091895
43,-0.00061263,60,60,-6.6857e-11,1.3695e-08,-7.5121e-07,0,5.8075e-20,6.6857e-11,-1.3695e-08,7.5121e-07,0,-0.00061263
43,-0.00030632,40,40,1.1054e-10,7.2895e-10,-3.9748e-07,0,-9.7661e-20,-1.1054e-10,-7.2895e-10,3.9748e-07,4.2352e-22,-0.00030632
44,0.0029255,120,120,5.2592e-12,-4.6482e-09,6.8522e-07,0,-7.212e-19,5.2592e-12,2.1238e-09,-5.3375e-07,-1.0588e-22,0.0029255
44,0.002633,120,120,9.4917e-12,-5.3254e-09,6.8522e-07,0,-6.4904e-19,-9.4917e-12,5.3254e-09,-6.8522e-07,6.7763e-21,0.002633
44,0.0023404,120,120,1.3724e-11,-6.0026e-09,6.8522e-07,0,-5.7694e-19,-1.3724e-11,6.0026e-09,-6.8522e-07,-6.7763e-21,0.0023404
44,0.0020479,100,100,-7.0856e-12,-2.6786e-09,5.435e-07,1.9259e-33,1.3239e-19,7.0856e-12,2.6786e-09,-5.435e-07,-1.9259e-33,0.0020479
44,0.0017553,100,100,1.5862e-11,-6.6831e-09,6.8522e-07,0,-5.3596e-19,1.5862e-11,3.3819e-10,-3.6797e-07,0,0.0017553
44,0.0014628,120,100,2.6422e-11,-8.0342e-09,6.8522e-07,0,-3.606e-19,2.4639e-11,-2.0022e-09,-1.9244e-07,6.7763e-21,0.0014628
44,0.0011702,80,80,2.1356e-11,-7.9881e-09,6.8522e-07,0,1.3081e-19,2.1356e-11,1.1541e-09,-4.1185e-07,-6.163e-33,0.0011702
44,0.00087766,80,80,-4.2783e-11,3.417e-09,1.3759e-07,9.2445e-33,1.5543e-18,4.2783e-11,-3.417e-09,-1.3759e-07,-1.2326e-32,0.00087766
44,0.0005851,60,60,5.4897e-11,-1.2005e-08,6.8522e-07,0,-5.5428e-20,-5.4897e-11,1.2005e-08,-6.8522e-07,0,0.0005851
44,0.00029255,40,40,8.5425e-11,-1.5976e-08,6.8522e-07,0,-5.0398e-20,8.5425e-11,2.3082e-09,-4.1185e-07,-2.4652e-32,0.00029255
44,-0.0029255,120,120,-5.2592e-12,4.6482e-09,-6.8522e-07,0,7.212e-19,-5.2592e-12,-2.1238e-09,5.3375e-07,1.0588e-22,-0.0029255
44,-0.002633,120,120,-9.4917e-12,5.3254e-09,-6.8522e-07,-4.3239e-22,-3.6032e-24,9.4917e-12,-5.3254e-09,6.8522e-07,-6.7763e-21,-0.002633
44,-0.0023404,120,120,-1.3724e-11,6.0026e-09,-6.8522e-07,0,5.7694e-19,1.3724e-11,-6.0026e-09,6.8522e-07,6.7763e-21,-0.0023404
44,-0.0020479,100,100,-7.0856e-12,5.5128e-09,-6.8522e-07,0,6.2527e-19,-7.0856e-12,-2.6786e-09,5.435e-07,0,-0.0020479
44,-0.0017553,100,120,-1.5862e-11,6.6831e-09,-6.8522e-07,0,5.3596e-19,-2.2189e-11,3.2938e-09,4.6165e-08,0,-0.0017553
44,-0.0014628,120,100,-2.6422e-11,8.0342e-09,-6.8522e-07,0,3.606e-19,-2.4639e-11,2.0022e-09,1.9244e-07,0,-0.0014628
44,-0.0011702,80,80,-2.1356e-11,7.9881e-09,-6.8522e-07,0,-1.3081e-19,2.1356e-11,-7.9881e-09,6.8522e-07,0,-0.0011702
44,-0.00087766,80,80,4.2783e-11,-3.417e-09,-1.3759e-07,-6.163e-33,-1.5543e-18,-4.2783e-11,3.417e-09,1.3759e-07,1.6941e-21,-0.00087766
44,-0.0005851,60,60,-5.4897e-11,1.2005e-08,-6.8522e-07,0,5.5428e-20,-5.4897e-11,1.17e-09,2.8996e-07,8.4703e-22,-0.0005851
44,-0.00029255,40,40,-8.5425e-11,1.5976e-08,-6.8522e-07,0,5.0398e-20,8.5425e-11,-1.5976e-08,6.8522e-07,0,-0.00029255
45,0.0027969,120,120,3.0286e-12,-3.9641e-09,6.2631e-07,0,-6.8943e-19,3.0286e-12,2.5103e-09,-5.3908e-07,-1.5046e-36,0.0027969
45,0.0025172,120,120,7.0751e-12,-4.6115e-09,6.2631e-07,4.1338e-22,3.4448e-24,-7.0751e-12,4.6115e-09,-6.2631e-07,0,0.0025172
45,0.0022376,120,120,1.1122e-11,-5.2589e-09,6.2631e-07,0,-5.5158e-19,-1.1122e-11,5.2589e-09,-6.2631e-07,8.4703e-22,0.0022376
45,0.0019579,100,100,-3.895e-12,-3.1367e-09,5.4841e-07,9.6296e-34,7.2774e-20,3.895e-12,3.1367e-09,-5.4841e-07,-9.6296e-34,0.0019579
45,0.0016782,100,100,1.2286e-11,-5.8135e-09,6.2631e-07,0,-5.124e-19,-1.2286e-11,5.8135e-09,-6.2631e-07,0,0.0016782
45,0.0013985,100,100,2.0677e-11,-6.9323e-09,6.2631e-07,0,-4.2701e-19,-2.0677e-11,6.9323e-09,-6.2631e-07,0,0.0013985
45,0.0011188,80,80,1.5919e-11,-6.9172e-09,6.2631e-07,0,1.2504e-19,-1.5919e-11,6.9172e-09,-6.2631e-07,4.2352e-22,0.0011188
45,0.00083908,80,80,-3.6404e-11,2.547e-09,1.6033e-07,6.163e-33,1.3226e-18,3.6404e-11,-2.547e-09,-1.6033e-07,-6.163e-33,0.00083908
45,0.00055939,60,60,4.4486e-11,-1.0518e-08,6.2631e-07,0,-5.2992e-20,4.4486e-11,-1.5883e-10,-3.0601e-07,1.2326e-32,0.00055939
45,0.00027969,40,40,6.3676e-11,-1.3834e-08,6.2631e-07,0,-4.8228e-20,-6.3676e-11,1.3834e-08,-6.2631e-07,2.1176e-22,0.00027969
45,-0.0027969,120,120,-3.0286e-12,3.9641e-09,-6.2631e-07,0,6.8943e-19,-3.0286e-12,-2.5103e-09,5.3908e-07,1.5046e-36,-0.0027969
45,-0.0025172,120,120,-7.0751e-12,4.6115e-09,-6.2631e-07,-4.1338e-22,-3.4448e-24,7.0751e-12,-4.6115e-09,6.2631e-07,0,-0.0025172
45,-0.0022376,120,120,-1.1122e-11,5.2589e-09,-6.2631e-07,0,5.5158e-19,1.1122e-11,-5.2589e-09,6.2631e-07,0,-0.0022376
45,-0.0019579,100,100,3.895e-12,3.1367e-09,-5.4841e-07,-9.6296e-34,-7.2774e-20,-3.895e-12,-3.1367e-09,5.4841e-07,2.1176e-22,-0.0019579
45,-0.0016782,100,120,-1.2286e-11,5.8135e-09,-6.2631e-07,0,5.124e-19,1.9215e-11,-6.5538e-09,6.2631e-07,0,-0.0016782
45,-0.0013985,100,100,-2.0677e-11,6.9323e-09,-6.2631e-07,0,4.2701e-19,-2.0677e-11,1.3384e-09,2.1277e-07,0,-0.0013985
45,-0.0011188,80,80,-1.5919e-11,6.9172e-09,-6.2631e-07,1.6941e-21,9.5979e-20,1.5919e-11,-6.9172e-09,6.2631e-07,0,-0.0011188
45,-0.00083908,80,80,-3.6404e-11,9.1024e-09,-6.2631e-07,0,-9.3809e-20,-3.6404e-11,2.547e-09,1.6033e-07,8.4703e-22,-0.00083908
45,-0.00055939,80,60,-5.689e-11,1.1287e-08,-6.2631e-07,0,-6.2522e-20,-4.4486e-11,1.5883e-10,3.0601e-07,-1.2326e-32,-0.00055939
45,-0.00027969,40,40,-6.3676e-11,1.3834e-08,-6.2631e-07,0,4.8228e-20,6.3676e-11,-1.3834e-08,6.2631e-07,0,-0.00027969
46,0.0026767,120,120,1.1083e-12,-3.364e-09,5.736e-07,0,-6.5984e-19,1.1083e-12,2.832e-09,-5.4168e-07,-1.0588e-22,0.0026767
46,0.002409,120,120,4.9808e-12,-3.9836e-09,5.736e-07,0,-5.9388e-19,-4.9808e-12,3.9836e-09,-5.736e-07,0,0.002409
46,0.0021413,120,120,8.8532e-12,-4.6032e-09,5.736e-07,0,-5.2786e-19,8.8532e-12,3.5361e-10,-3.1862e-07,5.7778e-34,0.0021413
46,0.0018737,100,100,1.1498e-12,-3.9773e-09,5.736e-07,0,-5.7212e-19,1.1498e-12,3.5174e-09,-5.506e-07,-3.3704e-34,0.0018737
46,0.001606,100,100,9.1798e-12,-5.0479e-09,5.736e-07,0,-4.9038e-19,9.1798e-12,1.376e-09,-3.9e-07,-2.6963e-33,0.001606
46,0.0013383,100,100,-1.721e-11,7.653e-10,2.294e-07,4.6222e-33,3.2155e-19,1.721e-11,-7.653e-10,-2.294e-07,0,0.0013383
46,0.0010707,80,80,-1.1207e-11,-2.3892e-09,4.3015e-07,1.5407e-33,4.0715e-19,-1.1207e-11,5.9754e-09,-5.736e-07,-4.2352e-22,0.0010707
46,0.000803,80,80,-3.0811e-11,1.7931e-09,1.7921e-07,3.0815e-33,1.1194e-18,3.0811e-11,-1.7931e-09,-1.7921e-07,-6.163e-33,0.000803
46,0.00053533,60,60,3.5413e-11,-9.2063e-09,5.736e-07,0,-5.0769e-20,-3.5413e-11,9.2063e-09,-5.736e-07,0,0.00053533
46,0.00026767,40,40,4.4827e-11,-1.1951e-08,5.736e-07,0,-4.611e-20,4.4827e-11,4.7784e-09,-4.3015e-07,0,0.00026767
46,-0.0026767,120,120,-1.1083e-12,3.364e-09,-5.736e-07,0,6.5984e-19,-1.1083e-12,-2.832e-09,5.4168e-07,1.0588e-22,-0.0026767
46,-0.002409,120,120,-4.9808e-12,3.9836e-09,-5.736e-07,0,5.9388e-19,4.9808e-12,-3.9836e-09,5.736e-07,0,-0.002409
46,-0.0021413,120,120,-8.8532e-12,4.6032e-09,-5.736e-07,0,5.2786e-19,-8.8532e-12,-3.5361e-10,3.1862e-07,0,-0.0021413
46,-0.0018737,100,120,-1.1498e-12,3.9773e-09,-5.736e-07,0,5.7212e-19,-1.2726e-11,8.8559e-10,2.071e-07,-7.7037e-34,-0.0018737
46,-0.001606,100,100,-9.1798e-12,5.0479e-09,-5.736e-07,0,4.9038e-19,-9.1798e-12,-1.376e-09,3.9e-07,0,-0.001606
46,-0.0013383,100,100,1.721e-11,-7.653e-10,-2.294e-07,-4.6222e-33,-3.2155e-19,-1.721e-11,7.653e-10,2.294e-07,0,-0.0013383
46,-0.0010707,80,80,1.1207e-11,2.3892e-09,-4.3015e-07,-1.5407e-33,-4.0715e-19,-1.1207e-11,-2.3892e-09,4.3015e-07,0,-0.0010707
46,-0.000803,80,80,3.0811e-11,-1.7931e-09,-1.7921e-07,-3.0815e-33,-1.1194e-18,-3.0811e-11,1.7931e-09,1.7921e-07,8.4703e-22,-0.000803
46,-0.00053533,60,60,-3.5413e-11,9.2063e-09,-5.736e-07,0,5.0769e-20,3.5413e-11,-9.2063e-09,5.736e-07,0,-0.00053533
46,-0.00026767,40,40,-4.4827e-11,1.1951e-08,-5.736e-07,0,4.611e-20,4.4827e-11,-1.1951e-08,5.736e-07,0,-0.00026767
47,0.002564,140,140,6.8302e-12,-3.7812e-09,5.2632e-07,-2.8909e-32,3.8519e-34,-6.8302e-12,3.7812e-09,-5.2632e-07,-5.4102e-17,0.002564
47,0.0023076,120,120,3.1647e-12,-3.4303e-09,5.2632e-07,0,-5.6884e-19,-3.1647e-12,3.4303e-09,-5.2632e-07,0,0.0023076
47,0.0020512,120,120,6.8741e-12,-4.0238e-09,5.2632e-07,0,-5.0563e-19,-6.8741e-12,4.0238e-09,-5.2632e-07,-3.3881e-21,0.0020512
47,0.0017948,120,120,-1.0584e-11,4.6277e-10,2.2151e-07,-7.7037e-34,-2.1167e-19,-1.0584e-11,4.6173e-09,-5.2632e-07,0,0.0017948
47,0.0015384,100,100,6.4801e-12,-4.3728e-09,5.2632e-07,0,-4.6973e-19,6.4801e-12,1.7807e-09,-3.9671e-07,-1.9259e-33,0.0015384
47,0.001282,100,100,1.4172e-11,-5.3984e-09,5.2632e-07,0,-3.9144e-19,1.4172e-11,-2.7044e-10,-2.4287e-07,-3.8519e-33,0.001282
47,0.0010256,80,80,-7.1205e-12,-2.8669e-09,4.3517e-07,7.7037e-34,2.5869e-19,7.1205e-12,2.8669e-09,-4.3517e-07,-7.7037e-34,0.0010256
47,0.00076919,80,80,-2.59e-11,1.1393e-09,1.948e-07,6.163e-33,9.4094e-19,2.59e-11,-1.1393e-09,-1.948e-07,-6.163e-33,0.00076919
47,0.00051279,60,60,2.7497e-11,-8.0477e-09,5.2632e-07,0,-4.8651e-20,2.7497e-11,1.4485e-09,-3.2834e-07,0,0.00051279
47,0.0002564,40,40,-2.8482e-11,-5.7338e-09,4.3517e-07,0,2.5163e-20,2.8482e-11,5.7338e-09,-4.3517e-07,0,0.0002564
47,-0.002564,140,140,6.8302e-12,-4.3667e-11,-2.5857e-07,3.3881e-21,3.3901e-18,6.8302e-12,-3.7812e-09,5.2632e-07,5.4102e-17,-0.002564
47,-0.0023076,120,120,-3.1647e-12,3.4303e-09,-5.2632e-07,0,5.6884e-19,-3.1647e-12,-1.9113e-09,4.3517e-07,0,-0.0023076
47,-0.0020512,120,120,-6.8741e-12,4.0238e-09,-5.2632e-07,0,5.0563e-19,6.8741e-12,-4.0238e-09,5.2632e-07,3.3881e-21,-0.0020512
47,-0.0017948,120,120,1.0584e-11,-4.6277e-10,-2.2151e-07,7.7037e-34,2.1167e-19,1.0584e-11,-4.6173e-09,5.2632e-07,0,-0.0017948
47,-0.0015384,100,120,6.4801e-12,1.7807e-09,-3.9671e-07,-1.5407e-33,-1.2108e-19,1.4293e-11,-5.2109e-09,5.2632e-07,0,-0.0015384
47,-0.001282,100,100,-1.4172e-11,5.3984e-09,-5.2632e-07,0,3.9144e-19,-1.4172e-11,2.7044e-10,2.4287e-07,-8.4703e-22,-0.001282
47,-0.0010256,80,80,7.1205e-12,2.8669e-09,-4.3517e-07,-7.7037e-34,-2.5869e-19,-7.1205e-12,-2.8669e-09,4.3517e-07,0,-0.0010256
47,-0.00076919,80,80,2.59e-11,-1.1393e-09,-1.948e-07,-3.0815e-33,-9.4094e-19,-2.59e-11,1.1393e-09,1.948e-07,1.6941e-21,-0.00076919
47,-0.00051279,60,60,-2.7497e-11,8.0477e-09,-5.2632e-07,0,4.8651e-20,-2.7497e-11,-1.4485e-09,3.2834e-07,0,-0.00051279
47,-0.0002564,40,40,-2.8482e-11,1.0291e-08,-5.2632e-07,0,4.4205e-20,-2.8482e-11,-5.7338e-09,4.3517e-07,1.0588e-22,-0.0002564
48,0.0024582,140,140,-5.487e-12,-2.5537e-10,2.6872e-07,-3.3881e-21,4.2683e-18,-5.487e-12,3.3281e-09,-4.8381e-07,6.163e-33,0.0024582
48,0.0022124,120,120,-1.5893e-12,-2.1792e-09,4.3804e-07,-9.6296e-35,-3.1786e-20,-1.5893e-12,2.9421e-09,-4.8381e-07,0,0.0022124
48,0.0019666,120,120,5.1458e-12,-3.5111e-09,4.8381e-07,0,-4.8477e-19,-5.1458e-12,3.5111e-09,-4.8381e-07,3.3881e-21,0.0019666
48,0.0017208,120,120,8.7023e-12,-4.0802e-09,4.8381e-07,0,-4.242e-19,-8.7023e-12,4.0802e-09,-4.8381e-07,0,0.0017208
48,0.0014749,100,100,-4.1323e-12,-2.1234e-09,4.0116e-07,1.6941e-21,-1.1356e-19,4.1323e-12,2.1234e-09,-4.0116e-07,-1.1556e-33,0.0014749
48,0.0012291,100,100,1.1507e-11,-4.7597e-09,4.8381e-07,0,-3.7529e-19,1.1507e-11,1.5684e-10,-2.5367e-07,-3.0815e-33,0.0012291
48,0.0009833,80,80,-3.5759e-12,-3.2689e-09,4.3804e-07,3.8519e-34,1.2991e-19,-3.5759e-12,4.4132e-09,-4.8381e-07,0,0.0009833
48,0.00073747,80,80,2.1581e-11,-6.3337e-09,4.8381e-07,0,8.2453e-20,2.1581e-11,-5.7215e-10,-2.0757e-07,-6.163e-33,0.00073747
48,0.00049165,60,60,2.0583e-11,-7.0223e-09,4.8381e-07,0,-4.6587e-20,-2.0583e-11,7.0223e-09,-4.8381e-07,0,0.00049165
48,0.00024582,40,40,1.4304e-11,-8.8263e-09,4.8381e-07,0,-4.2352e-20,-1.4304e-11,8.8263e-09,-4.8381e-07,0,0.00024582
48,-0.0024582,140,140,5.487e-12,2.5537e-10,-2.6872e-07,-3.3881e-21,5.336e-18,5.487e-12,-3.3281e-09,4.8381e-07,-6.163e-33,-0.0024582
48,-0.0022124,120,120,-1.5893e-12,2.9421e-09,-4.8381e-07,0,5.4538e-19,1.5893e-12,-2.9421e-09,4.8381e-07,0,-0.0022124
48,-0.0019666,120,120,-5.1458e-12,3.5111e-09,-4.8381e-07,0,4.8477e-19,5.1458e-12,-3.5111e-09,4.8381e-07,-3.3881e-21,-0.0019666
48,-0.0017208,120,120,-8.7023e-12,4.0802e-09,-4.8381e-07,0,4.242e-19,-8.7023e-12,9.6912e-11,2.3318e-07,0,-0.0017208
48,-0.0014749,100,100,4.1323e-12,2.1234e-09,-4.0116e-07,-1.6941e-21,1.1356e-19,-4.1323e-12,-2.1234e-09,4.0116e-07,0,-0.0014749
48,-0.0012291,100,100,1.1507e-11,1.5684e-10,-2.5367e-07,-3.8519e-33,-2.15e-19,-1.1507e-11,-1.5684e-10,2.5367e-07,0,-0.0012291
48,-0.0009833,80,80,3.5759e-12,3.2689e-09,-4.3804e-07,-3.8519e-34,-1.2991e-19,3.5759e-12,-4.4132e-09,4.8381e-07,0,-0.0009833
48,-0.00073747,80,80,-2.1581e-11,6.3337e-09,-4.8381e-07,0,-8.2453e-20,-2.1581e-11,5.7215e-10,2.0757e-07,0,-0.00073747
48,-0.00049165,60,60,-2.0583e-11,7.0223e-09,-4.8381e-07,0,4.6587e-20,-2.0583e-11,-2.0823e-09,3.3561e-07,0,-0.00049165
48,-0.00024582,40,40,-1.4304e-11,8.8263e-09,-4.8381e-07,0,4.2352e-20,1.4304e-11,-8.8263e-09,4.8381e-07,0,-0.00024582
49,0.0023589,140,140,4.3084e-12,-2.9257e-09,4.4551e-07,0,-1.0358e-18,-4.3084e-12,2.9257e-09,-4.4551e-07,0,0.0023589
49,0.002123,120,120,2.2258e-13,-2.5106e-09,4.4551e-07,0,-5.2336e-19,-2.2258e-13,2.5106e-09,-4.4551e-07,-2.647e-23,0.002123
49,0.0018871,120,120,-3.6354e-12,-1.3117e-09,3.4081e-07,-1.9259e-34,-7.2708e-20,-3.6354e-12,3.0567e-09,-4.4551e-07,0,0.0018871
49,0.0016513,120,120,-7.0482e-12,-2.1961e-10,2.4252e-07,-5.7778e-34,-1.4096e-19,-7.0482e-12,3.6027e-09,-4.4551e-07,0,0.0016513
49,0.0014154,100,100,2.0897e-12,-3.2487e-09,4.4551e-07,0,-4.322e-19,-2.0897e-12,3.2487e-09,-4.4551e-07,0,0.0014154
49,0.0011795,100,100,9.1665e-12,-4.1922e-09,4.4551e-07,0,-3.6015e-19,-9.1665e-12,4.1922e-09,-4.4551e-07,-1.2705e-21,0.0011795
49,0.00094357,80,80,5.0081e-13,-3.766e-09,4.4551e-07,0,8.0892e-20,-5.0081e-13,3.766e-09,-4.4551e-07,0,0.00094357
49,0.00070768,80,80,-1.7778e-11,8.013e-11,2.1795e-07,1.6941e-21,7.091e-19,-1.7778e-11,5.6089e-09,-4.4551e-07,-4.2352e-22,0.00070768
49,0.00047179,60,60,1.4542e-11,-6.1134e-09,4.4551e-07,0,-4.4734e-20,-1.4542e-11,6.1134e-09,-4.4551e-07,0,0.00047179
49,0.00023589,40,40,2.0032e-12,-7.5319e-09,4.4551e-07,0,-4.0658e-20,-2.0032e-12,7.5319e-09,-4.4551e-07,0,0.00023589
49,-0.0023589,140,140,-4.3084e-12,2.9257e-09,-4.4551e-07,0,1.0358e-18,4.3084e-12,-2.9257e-09,4.4551e-07,0,-0.0023589
49,-0.002123,120,120,-2.2258e-13,2.5106e-09,-4.4551e-07,0,5.2336e-19,2.2258e-13,-2.5106e-09,4.4551e-07,3.3881e-21,-0.002123
49,-0.0018871,120,120,-3.6354e-12,3.0567e-09,-4.4551e-07,-4.2352e-22,7.9164e-20,3.6354e-12,-3.0567e-09,4.4551e-07,3.3881e-21,-0.0018871
49,-0.0016513,120,120,7.0482e-12,2.1961e-10,-2.4252e-07,5.7778e-34,1.4096e-19,-7.0482e-12,-2.1961e-10,2.4252e-07,-5.0463e-37,-0.0016513
49,-0.0014154,100,100,-2.0897e-12,3.2487e-09,-4.4551e-07,0,4.322e-19,-2.0897e-12,-2.4128e-09,4.0371e-07,0,-0.0014154
49,-0.0011795,100,100,-9.1665e-12,4.1922e-09,-4.4551e-07,0,3.6015e-19,-9.1665e-12,-5.2563e-10,2.6218e-07,8.4703e-22,-0.0011795
49,-0.00094357,80,80,-5.0081e-13,3.766e-09,-4.4551e-07,0,8.0945e-20,-5.0081e-13,-3.6057e-09,4.391e-07,4.8148e-35,-0.00094357
49,-0.00070768,80,80,1.7778e-11,-8.013e-11,-2.1795e-07,-3.0815e-33,-6.4589e-19,-1.7778e-11,8.013e-11,2.1795e-07,1.6941e-21,-0.00070768
49,-0.00047179,60,60,-1.4542e-11,6.1134e-09,-4.4551e-07,0,4.4734e-20,-1.4542e-11,-2.6234e-09,3.4081e-07,0,-0.00047179
49,-0.00023589,40,40,2.0032e-12,7.2114e-09,-4.391e-07,0,-1.7698e-21,-2.0032e-12,-7.2114e-09,4.391e-07,0,-0.00023589
50,0.0022655,140,140,3.2733e-12,-2.5678e-09,4.1092e-07,0,-9.9471e-19,-3.2733e-12,2.5678e-09,-4.1092e-07,-1.0164e-20,0.0022655
50,0.002039,140,140,5.0425e-12,-2.898e-09,4.1092e-07,0,-8.9526e-19,5.0425e-12,7.4229e-11,-2.1325e-07,-5.6815e-33,0.002039
50,0.0018124,120,120,2.3148e-12,-2.6533e-09,4.1092e-07,0,-4.4676e-19,-2.3148e-12,2.6533e-09,-4.1092e-07,0,0.0018124
50,0.0015859,120,120,5.5925e-12,-3.1777e-09,4.1092e-07,0,-3.9093e-19,-5.5925e-12,3.1777e-09,-4.1092e-07,-5.0822e-21,0.0015859
50,0.0013593,100,100,3.1263e-13,-2.7812e-09,4.1092e-07,0,-4.1505e-19,-3.1263e-13,2.7812e-09,-4.1092e-07,0,0.0013593
50,0.0011328,100,100,-7.1092e-12,-8.4368e-10,2.6874e-07,0,-1.3506e-18,7.1092e-12,8.4368e-10,-2.6874e-07,-1.9259e-33,0.0011328
50,0.00090621,100,100,1.3906e-11,-4.5936e-09,4.1092e-07,0,-2.7672e-19,-1.3906e-11,4.5936e-09,-4.1092e-07,0,0.00090621
50,0.00067966,80,80,-1.4427e-11,-3.4663e-10,2.2626e-07,3.0815e-33,5.2413e-19,-1.4427e-11,4.9632e-09,-4.1092e-07,0,0.00067966
50,0.0004531,60,60,9.2592e-12,-5.3065e-09,4.1092e-07,0,-4.2987e-20,-9.2592e-12,5.3065e-09,-4.1092e-07,0,0.0004531
50,0.00022655,80,60,4.7613e-11,-8.5031e-09,4.1092e-07,0,2.5332e-20,-6.1702e-11,9.5019e-09,-4.1092e-07,0,0.00022655
50,-0.0022655,140,140,-3.2733e-12,2.5678e-09,-4.1092e-07,0,9.9471e-19,3.2733e-12,-2.5678e-09,4.1092e-07,1.0164e-20,-0.0022655
50,-0.002039,140,140,-5.0425e-12,2.898e-09,-4.1092e-07,0,8.9526e-19,-5.0425e-12,-7.4229e-11,2.1325e-07,5.6815e-33,-0.002039
50,-0.0018124,120,120,-2.3148e-12,2.6533e-09,-4.1092e-07,0,4.4676e-19,2.3148e-12,-2.6533e-09,4.1092e-07,-1.6941e-21,-0.0018124
50,-0.0015859,120,120,5.5925e-12,4.933e-10,-2.4986e-07,3.8519e-34,1.1185e-19,5.5925e-12,-3.1777e-09,4.1092e-07,5.0822e-21,-0.0015859
50,-0.0013593,100,100,-3.1263e-13,2.7812e-09,-4.1092e-07,0,4.1505e-19,-3.1263e-13,-2.6561e-09,4.0467e-07,1.3235e-23,-0.0013593
50,-0.0011328,100,100,7.1092e-12,8.4368e-10,-2.6874e-07,0,-1.3506e-18,-7.1092e-12,-8.4368e-10,2.6874e-07,4.2352e-22,-0.0011328
50,-0.00090621,100,100,-1.3906e-11,4.5936e-09,-4.1092e-07,0,2.7672e-19,-1.3906e-11,9.6873e-10,1.3281e-07,8.4703e-22,-0.00090621
50,-0.00067966,80,80,1.4427e-11,3.4663e-10,-2.2626e-07,-3.0815e-33,-5.2413e-19,-1.4427e-11,-3.4663e-10,2.2626e-07,4.2352e-22,-0.00067966
50,-0.0004531,60,60,-9.2592e-12,5.3065e-09,-4.1092e-07,0,4.2987e-20,-9.2592e-12,-3.0843e-09,3.4425e-07,0,-0.0004531
50,-0.00022655,80,60,-4.7613e-11,8.5031e-09,-4.1092e-07,0,-2.5332e-20,-6.1702e-11,5.3065e-09,-3.3333e-08,0,-0.00022655
