41,20,10.000000,50.000000,1.000000
10,0.035705,29,29,-1.2422e-09,-2.856e-06,0.00012632,7.8823e-46,6.5686e-47,1.2422e-09,2.856e-06,-0.00012632,0,0.035705
10,0.032135,28,28,6.9481e-09,-3.3168e-06,0.00012841,2.1684e-19,1.5247e-17,-6.9481e-09,3.3168e-06,-0.00012841,1.3553e-20,0.032135
10,0.028564,26,26,-2.4373e-09,-3.1236e-06,0.00012512,2.9273e-33,1.9259e-34,-2.4373e-09,3.3771e-06,-0.00012841,1.6941e-21,0.028564
10,0.024994,25,25,-1.3507e-08,-2.5238e-06,0.00011153,0,-1.2807e-18,1.3507e-08,2.5238e-06,-0.00011153,2.7105e-20,0.024994
10,0.021423,23,23,-1.308e-08,-2.9198e-06,0.00011457,0,1.8672e-18,-1.308e-08,4.1232e-06,-0.00012841,6.7763e-21,0.021423
10,0.017853,21,21,-1.5795e-08,-3.1921e-06,0.00011448,0,-8.2011e-19,-1.5795e-08,4.5188e-06,-0.00012841,0,0.017853
10,0.014282,19,19,-2.6936e-08,-3.1409e-06,0.00010896,0,-7.7279e-19,-2.6936e-08,5.1881e-06,-0.00012841,3.2526e-19,0.014282
10,0.010712,16,16,1.1272e-08,-5.591e-06,0.00012841,0,-2.1549e-18,-1.1272e-08,5.591e-06,-0.00012841,0,0.010712
10,0.0071411,13,13,9.749e-09,-6.7542e-06,0.00012841,0,2.6834e-18,-9.749e-09,6.7542e-06,-0.00012841,0,0.0071411
10,0.0035705,10,10,2.1296e-07,-1.14e-05,0.00012841,0,-1.8025e-18,-2.1296e-07,1.14e-05,-0.00012841,0,0.0035705
10,-0.035705,29,29,-1.2422e-09,3e-06,-0.00012841,1.5761e-34,-1.4264e-33,-1.2422e-09,-2.856e-06,0.00012632,3.3881e-21,-0.035705
10,-0.032135,28,28,6.9481e-09,2.5387e-06,-0.00011752,0,-4.3482e-19,-6.9481e-09,-2.5387e-06,0.00011752,6.7763e-21,-0.032135
10,-0.028564,26,26,-2.4373e-09,3.3771e-06,-0.00012841,0,-5.0398e-20,-2.4373e-09,-3.1236e-06,0.00012512,-1.6941e-21,-0.028564
10,-0.024994,25,25,1.3507e-08,2.5238e-06,-0.00011153,2.7105e-20,-1.2739e-18,-1.3507e-08,-2.5238e-06,0.00011153,2.7105e-20,-0.024994
10,-0.021423,23,23,1.308e-08,2.9198e-06,-0.00011457,0,2.0329e-18,-1.308e-08,-2.9198e-06,0.00011457,0,-0.021423
10,-0.017853,21,21,-1.5795e-08,4.5188e-06,-0.00012841,-3.2526e-19,-4.906e-18,-1.5795e-08,-3.1921e-06,0.00011448,1.3553e-20,-0.017853
10,-0.014282,19,19,2.6936e-08,3.1409e-06,-0.00010896,0,7.7279e-19,2.6936e-08,-5.1881e-06,0.00012841,-3.2526e-19,-0.014282
10,-0.010712,16,16,-1.1272e-08,5.591e-06,-0.00012841,0,2.1549e-18,-1.1272e-08,-4.8696e-06,0.00012264,0,-0.010712
10,-0.0071411,13,14,9.749e-09,6.2473e-06,-0.00012512,0,2.3843e-20,-9.7501e-08,-2.4749e-06,9.0192e-05,-1.0842e-19,-0.0071411
10,-0.0035705,10,10,-2.1296e-07,1.14e-05,-0.00012841,0,1.8025e-18,-2.1296e-07,-2.8819e-06,8.582e-05,-2.7105e-20,-0.0035705
11,0.029509,32,32,-1.2269e-09,-1.7225e-06,8.5195e-05,-9.5293e-30,-1.1322e-30,-1.2269e-09,1.8796e-06,-8.7708e-05,0,0.029509
11,0.026558,31,31,-4.9956e-09,-1.4732e-06,7.8106e-05,0,3.0486e-18,4.9956e-09,1.4732e-06,-7.8106e-05,-6.3109e-30,0.026558
11,0.023607,29,29,4.1585e-09,-2.1771e-06,8.7708e-05,-2.1684e-19,-1.7686e-18,-4.1585e-09,2.1771e-06,-8.7708e-05,1.3553e-20,0.023607
11,0.020656,27,27,3.708e-09,-2.2991e-06,8.7708e-05,-1.0842e-19,7.6504e-18,3.708e-09,1.8986e-06,-8.2301e-05,0,0.020656
11,0.017705,25,25,4.3561e-09,-2.4841e-06,8.7708e-05,-1.0842e-19,-4.6892e-18,-4.3561e-09,2.4841e-06,-8.7708e-05,0,0.017705
11,0.014754,23,23,7.6268e-09,-2.7761e-06,8.7708e-05,0,-8.0231e-18,7.6268e-09,2.0745e-06,-7.9638e-05,0,0.014754
11,0.011803,21,21,-1.6807e-08,-1.8432e-06,7.2884e-05,0,-8.7268e-19,1.6807e-08,1.8432e-06,-7.2884e-05,0,0.011803
11,0.0088526,18,18,-1.7713e-08,-2.3982e-06,7.6229e-05,0,2.9066e-19,-1.7713e-08,3.6735e-06,-8.7708e-05,1.0842e-19,0.0088526
11,0.0059017,15,15,-4.0079e-08,-2.295e-06,6.9672e-05,0,-8.0126e-19,-4.0079e-08,4.6997e-06,-8.7708e-05,0,0.0059017
11,0.0029509,11,11,1.2021e-07,-7.0787e-06,8.7708e-05,0,8.1315e-19,1.2021e-07,1.7894e-06,-5.8616e-05,0,0.0029509
11,-0.029509,32,32,-1.2269e-09,1.8796e-06,-8.7708e-05,-5.0822e-21,1.6941e-21,-1.2269e-09,-1.7225e-06,8.5195e-05,5.6424e-36,-0.029509
11,-0.026558,31,31,4.9956e-09,1.4732e-06,-7.8106e-05,0,-3.0486e-18,-4.9956e-09,-1.4732e-06,7.8106e-05,0,-0.026558
11,-0.023607,29,29,-4.1585e-09,2.1771e-06,-8.7708e-05,3.2526e-19,-1.7686e-18,-4.1585e-09,-1.6947e-06,8.0713e-05,1.3553e-20,-0.023607
11,-0.020656,27,27,-3.708e-09,2.2991e-06,-8.7708e-05,1.0842e-19,7.6504e-18,-3.708e-09,-1.8986e-06,8.2301e-05,0,-0.020656
11,-0.017705,25,25,-4.3561e-09,2.4841e-06,-8.7708e-05,1.0842e-19,-4.696e-18,-4.3561e-09,-2.0485e-06,8.2262e-05,2.7105e-20,-0.017705
11,-0.014754,23,23,-7.6268e-09,2.7761e-06,-8.7708e-05,0,8.0231e-18,-7.6268e-09,-2.0745e-06,7.9638e-05,0,-0.014754
11,-0.011803,21,21,1.6807e-08,1.8432e-06,-7.2884e-05,0,8.7268e-19,-1.6807e-08,-1.8432e-06,7.2884e-05,0,-0.011803
11,-0.0088526,18,18,-1.7713e-08,3.6735e-06,-8.7708e-05,0,4.6892e-18,1.7713e-08,-3.6735e-06,8.7708e-05,-1.0842e-19,-0.0088526
11,-0.0059017,15,15,4.0079e-08,2.295e-06,-6.9672e-05,0,8.572e-18,-4.0079e-08,-2.295e-06,6.9672e-05,0,-0.0059017
11,-0.0029509,11,11,-1.2021e-07,7.0787e-06,-8.7708e-05,0,-8.1315e-19,1.2021e-07,-7.0787e-06,8.7708e-05,0,-0.0029509
12,0.024795,35,35,9.8267e-10,-1.2254e-06,6.1927e-05,-1.0842e-19,-5.36e-18,-9.8267e-10,1.2254e-06,-6.1927e-05,0,0.024795
12,0.022316,33,33,4.1414e-10,-1.2693e-06,6.1927e-05,0,1.0618e-17,-4.1414e-10,1.2693e-06,-6.1927e-05,0,0.022316
12,0.019836,31,31,3.3261e-12,-1.3319e-06,6.1927e-05,-1.0842e-19,5.0009e-18,3.3261e-12,1.3315e-06,-6.1921e-05,0,0.019836
12,0.017357,29,29,-1.4745e-11,-1.4225e-06,6.1903e-05,0,-3.8532e-21,-1.4745e-11,1.4242e-06,-6.1927e-05,0,0.017357
12,0.014877,27,27,9.6569e-10,-1.5638e-06,6.1927e-05,0,-2.331e-18,-9.6569e-10,1.5638e-06,-6.1927e-05,0,0.014877
12,0.012398,25,25,-3.8692e-09,-1.3935e-06,5.7091e-05,0,-5.9514e-19,3.8692e-09,1.3935e-06,-5.7091e-05,0,0.012398
12,0.0099182,22,22,-9.3181e-10,-1.8219e-06,6.1025e-05,0,-2.1675e-20,9.3181e-10,1.8219e-06,-6.1025e-05,0,0.0099182
12,0.0074386,19,19,3.0583e-10,-2.1806e-06,6.1927e-05,0,7.1151e-19,-3.0583e-10,2.1806e-06,-6.1927e-05,0,0.0074386
12,0.0049591,16,17,1.4894e-08,-2.8981e-06,6.1927e-05,0,-9.9611e-19,-3.6155e-08,3.248e-06,-6.1927e-05,1.0842e-19,0.0049591
12,0.0024795,11,11,-3.7272e-09,-3.6438e-06,6.1025e-05,0,5.8705e-21,3.7272e-09,3.6438e-06,-6.1025e-05,0,0.0024795
12,-0.024795,35,35,-9.8267e-10,1.2254e-06,-6.1927e-05,1.0842e-19,-5.36e-18,-9.8267e-10,-1.0879e-06,5.952e-05,-1.6941e-21,-0.024795
12,-0.022316,33,33,-4.1414e-10,1.2693e-06,-6.1927e-05,-1.0842e-19,1.0612e-17,-4.1414e-10,-1.2146e-06,6.1025e-05,0,-0.022316
12,-0.019836,31,31,3.3261e-12,1.3315e-06,-6.1921e-05,0,-2.0298e-21,-3.3261e-12,-1.3315e-06,6.1921e-05,-1.3235e-23,-0.019836
12,-0.017357,29,29,1.4745e-11,1.4225e-06,-6.1903e-05,0,3.8532e-21,-1.4745e-11,-1.4225e-06,6.1903e-05,0,-0.017357
12,-0.014877,27,27,-9.6569e-10,1.5638e-06,-6.1927e-05,0,2.331e-18,9.6569e-10,-1.5638e-06,6.1927e-05,-3.2526e-19,-0.014877
12,-0.012398,25,25,-3.8692e-09,1.7804e-06,-6.1927e-05,0,6.0986e-19,-3.8692e-09,-1.3935e-06,5.7091e-05,0,-0.012398
12,-0.0099182,22,22,9.3181e-10,1.8219e-06,-6.1025e-05,0,2.1675e-20,-9.3181e-10,-1.8219e-06,6.1025e-05,0,-0.0099182
12,-0.0074386,19,19,3.0583e-10,2.1574e-06,-6.1707e-05,0,8.7743e-21,-3.0583e-10,-2.1574e-06,6.1707e-05,0,-0.0074386
12,-0.0049591,16,17,-1.4894e-08,2.8981e-06,-6.1927e-05,0,9.9611e-19,3.6155e-08,-3.248e-06,6.1927e-05,-1.6263e-19,-0.0049591
12,-0.0024795,11,11,3.7272e-09,3.6438e-06,-6.1025e-05,0,-5.8705e-21,-3.7272e-09,-3.6438e-06,6.1025e-05,2.1176e-22,-0.0024795
13,0.021128,38,38,7.39e-10,-8.2623e-07,4.4961e-05,-2.1684e-19,-5.1398e-18,-7.39e-10,8.2623e-07,-4.4961e-05,8.2002e-35,0.021128
13,0.019015,36,36,-7.2931e-10,-7.6259e-07,4.307e-05,-1.6941e-21,-2.4903e-19,7.2931e-10,7.6259e-07,-4.307e-05,0,0.019015
13,0.016902,34,34,9.4939e-10,-9.2462e-07,4.4961e-05,1.0842e-19,-4.1606e-18,9.4939e-10,7.9551e-07,-4.2766e-05,0,0.016902
13,0.014789,32,32,-1.5947e-09,-8.0061e-07,4.1695e-05,1.3553e-20,-3.9014e-18,-1.5947e-09,1.0047e-06,-4.4961e-05,0,0.014789
13,0.012677,30,30,3.0065e-09,-1.1194e-06,4.4961e-05,0,-4.1098e-18,-3.0065e-09,1.1194e-06,-4.4961e-05,0,0.012677
13,0.010564,27,27,2.042e-09,-1.1837e-06,4.4961e-05,0,-1.6534e-18,2.042e-09,9.6312e-07,-4.1984e-05,0,0.010564
13,0.008451,24,24,1.641e-09,-1.3014e-06,4.4961e-05,0,1.8025e-18,-1.641e-09,1.3014e-06,-4.4961e-05,0,0.008451
13,0.0063383,21,21,-4.1802e-09,-1.1932e-06,4.1274e-05,0,-2.1705e-19,4.1802e-09,1.1932e-06,-4.1274e-05,0,0.0063383
13,0.0042255,17,17,3.7976e-09,-1.8492e-06,4.4961e-05,0,2.7105e-20,3.7976e-09,1.591e-06,-4.2766e-05,0,0.0042255
13,0.0021128,12,12,-6.5638e-09,-2.2878e-06,4.307e-05,0,-3.4435e-20,-6.5638e-09,2.6028e-06,-4.4961e-05,0,0.0021128
13,-0.021128,38,38,-7.39e-10,8.2623e-07,-4.4961e-05,2.1684e-19,-5.1364e-18,-7.39e-10,-7.139e-07,4.2827e-05,6.8461e-35,-0.021128
13,-0.019015,36,36,-7.2931e-10,8.6761e-07,-4.4961e-05,0,-1.1583e-19,-7.2931e-10,-7.6259e-07,4.307e-05,1.6941e-21,-0.019015
13,-0.016902,34,34,-9.4939e-10,9.2462e-07,-4.4961e-05,-1.0842e-19,-4.1538e-18,-9.4939e-10,-7.9551e-07,4.2766e-05,0,-0.016902
13,-0.014789,33,32,-3.8743e-09,1.0788e-06,-4.4961e-05,-1.0842e-19,7.0405e-18,-1.5947e-09,-8.0061e-07,4.1695e-05,0,-0.014789
13,-0.012677,30,30,-3.0065e-09,1.1194e-06,-4.4961e-05,0,4.1098e-18,3.0065e-09,-1.1194e-06,4.4961e-05,-5.421e-20,-0.012677
13,-0.010564,27,27,-2.042e-09,1.1837e-06,-4.4961e-05,0,1.6534e-18,-2.042e-09,-9.6312e-07,4.1984e-05,0,-0.010564
13,-0.008451,24,24,-1.641e-09,1.3014e-06,-4.4961e-05,0,-1.8025e-18,-1.641e-09,-1.1439e-06,4.307e-05,-8.4703e-22,-0.008451
13,-0.0063383,21,21,4.1802e-09,1.1932e-06,-4.1274e-05,0,2.1705e-19,-4.1802e-09,-1.1932e-06,4.1274e-05,0,-0.0063383
13,-0.0042255,17,17,-3.7976e-09,1.8492e-06,-4.4961e-05,0,-2.7105e-20,-3.7976e-09,-1.591e-06,4.2766e-05,0,-0.0042255
13,-0.0021128,12,12,6.5638e-09,2.2878e-06,-4.307e-05,0,3.4435e-20,6.5638e-09,-2.6028e-06,4.4961e-05,0,-0.0021128
14,0.018217,41,41,-5.4474e-10,-4.8397e-07,3.1595e-05,2.7117e-35,-1.6339e-33,-5.4474e-10,5.7331e-07,-3.3427e-05,-2.1903e-34,0.018217
14,0.016395,39,39,-7.1587e-10,-4.9695e-07,3.1249e-05,8.4703e-21,-4.9001e-19,7.1587e-10,4.9695e-07,-3.1249e-05,0,0.016395
14,0.014574,37,37,-1.0887e-09,-4.9487e-07,3.0446e-05,-2.7105e-20,-2.0854e-18,1.0887e-09,4.9487e-07,-3.0446e-05,0,0.014574
14,0.012752,34,34,-2.8853e-10,-6.2927e-07,3.276e-05,0,-3.9767e-20,-2.8853e-10,6.6851e-07,-3.3427e-05,4.2352e-22,0.012752
14,0.01093,32,32,-1.3717e-09,-5.7934e-07,3.0618e-05,0,1.8358e-18,1.3717e-09,5.7934e-07,-3.0618e-05,0,0.01093
14,0.0091085,29,29,1.1118e-09,-8.1142e-07,3.3427e-05,-5.421e-20,6.844e-19,1.1118e-09,6.8245e-07,-3.1557e-05,0,0.0091085
14,0.0072868,27,26,4.7186e-09,-9.9523e-07,3.3427e-05,0,-1.1418e-18,-1.6107e-09,9.1294e-07,-3.3427e-05,0,0.0072868
14,0.0054651,23,23,-4.6006e-09,-6.8673e-07,2.8559e-05,0,6.5673e-19,-4.6006e-09,1.11e-06,-3.3427e-05,0,0.0054651
14,0.0036434,19,19,8.7234e-09,-1.3939e-06,3.3427e-05,0,3.5237e-19,-8.7234e-09,1.3939e-06,-3.3427e-05,0,0.0036434
14,0.0018217,13,13,6.4428e-09,-1.8259e-06,3.3427e-05,0,6.844e-19,-6.4428e-09,1.8259e-06,-3.3427e-05,0,0.0018217
14,-0.018217,41,41,5.4474e-10,4.8397e-07,-3.1595e-05,-2.7117e-35,1.6339e-33,-5.4474e-10,-4.8397e-07,3.1595e-05,0,-0.018217
14,-0.016395,39,39,7.1587e-10,4.9695e-07,-3.1249e-05,0,-6.1015e-19,-7.1587e-10,-4.9695e-07,3.1249e-05,3.3881e-21,-0.016395
14,-0.014574,37,37,-1.0887e-09,6.5599e-07,-3.3427e-05,3.3881e-21,-1.1202e-19,-1.0887e-09,-4.9487e-07,3.0446e-05,0,-0.014574
14,-0.012752,34,34,2.8853e-10,6.2927e-07,-3.276e-05,-1.3553e-20,-2.1379e-18,-2.8853e-10,-6.2927e-07,3.276e-05,0,-0.012752
14,-0.01093,32,32,1.3717e-09,5.7934e-07,-3.0618e-05,0,-1.8358e-18,-1.3717e-09,-5.7934e-07,3.0618e-05,-1.6941e-21,-0.01093
14,-0.0091085,29,29,-1.1118e-09,8.1142e-07,-3.3427e-05,0,-2.7376e-18,-1.1118e-09,-6.8245e-07,3.1557e-05,0,-0.0091085
14,-0.0072868,26,27,1.6107e-09,7.4542e-07,-3.1249e-05,0,-1.5192e-19,4.7186e-09,-9.9523e-07,3.3427e-05,-5.421e-20,-0.0072868
14,-0.0054651,23,23,4.6006e-09,6.8673e-07,-2.8559e-05,0,-6.5673e-19,-4.6006e-09,-6.8673e-07,2.8559e-05,0,-0.0054651
14,-0.0036434,19,19,-8.7234e-09,1.3939e-06,-3.3427e-05,0,-3.5237e-19,-8.7234e-09,-7.3089e-07,2.7129e-05,0,-0.0036434
14,-0.0018217,13,13,-6.4428e-09,1.8259e-06,-3.3427e-05,0,-6.844e-19,6.4428e-09,-1.8259e-06,3.3427e-05,0,-0.0018217
15,0.015869,44,44,4.0026e-10,-4.0781e-07,2.5365e-05,5.421e-20,-1.8296e-18,-4.0026e-10,4.0781e-07,-2.5365e-05,0,0.015869
15,0.014282,42,42,6.0998e-10,-4.3679e-07,2.5365e-05,-1.0842e-19,2.6698e-18,-6.0998e-10,4.3679e-07,-2.5365e-05,5.0822e-21,0.014282
15,0.012695,39,39,-2.1397e-10,-4.1134e-07,2.4715e-05,3.3881e-21,-1.4648e-19,2.1397e-10,4.1134e-07,-2.4715e-05,0,0.012695
15,0.011108,37,37,-7.471e-10,-3.8332e-07,2.332e-05,0,-6.3633e-19,-7.471e-10,4.9389e-07,-2.5365e-05,0,0.011108
15,0.0095215,34,34,5.6728e-10,-5.2308e-07,2.5365e-05,0,4.3029e-19,-5.6728e-10,5.2308e-07,-2.5365e-05,-5.421e-20,0.0095215
15,0.0079346,31,31,-6.1996e-10,-4.9424e-07,2.4174e-05,0,3.7834e-19,6.1996e-10,4.9424e-07,-2.4174e-05,0,0.0079346
15,0.0063476,28,28,1.3725e-09,-6.5518e-07,2.5365e-05,0,-2.4395e-18,-1.3725e-09,6.5518e-07,-2.5365e-05,-2.7105e-20,0.0063476
15,0.0047607,24,24,9.8955e-10,-7.3626e-07,2.5365e-05,0,1.0164e-18,9.8955e-10,6.4126e-07,-2.4225e-05,0,0.0047607
15,0.0031738,20,20,-3.9045e-09,-6.3728e-07,2.2242e-05,0,-1.0289e-19,-3.9045e-09,9.4963e-07,-2.5365e-05,0,0.0031738
15,0.0015869,14,14,-5.4898e-09,-1.0029e-06,2.3213e-05,0,5.5211e-20,-5.4898e-09,1.3104e-06,-2.5365e-05,0,0.0015869
15,-0.015869,44,44,-4.0026e-10,4.0781e-07,-2.5365e-05,-1.0842e-19,-1.8398e-18,-4.0026e-10,-3.3736e-07,2.3816e-05,-1.0164e-20,-0.015869
15,-0.014282,42,42,-6.0998e-10,4.3679e-07,-2.5365e-05,1.0842e-19,2.6732e-18,-6.0998e-10,-3.3431e-07,2.3213e-05,0,-0.014282
15,-0.012695,39,39,2.1397e-10,4.1134e-07,-2.4715e-05,1.3553e-20,-2.3675e-18,-2.1397e-10,-4.1134e-07,2.4715e-05,-1.3553e-20,-0.012695
15,-0.011108,37,37,7.471e-10,3.8332e-07,-2.332e-05,5.421e-20,-8.101e-18,-7.471e-10,-3.8332e-07,2.332e-05,-1.6941e-21,-0.011108
15,-0.0095215,34,34,-5.6728e-10,5.2308e-07,-2.5365e-05,0,-4.3029e-19,5.6728e-10,-5.2308e-07,2.5365e-05,5.421e-20,-0.0095215
15,-0.0079346,31,31,6.1996e-10,4.9424e-07,-2.4174e-05,0,-3.7834e-19,-6.1996e-10,-4.9424e-07,2.4174e-05,8.4703e-22,-0.0079346
15,-0.0063476,28,28,-1.3725e-09,6.5518e-07,-2.5365e-05,0,2.4395e-18,1.3725e-09,-6.5518e-07,2.5365e-05,2.7105e-20,-0.0063476
15,-0.0047607,24,24,9.8955e-10,6.4126e-07,-2.4225e-05,0,8.3517e-18,-9.8955e-10,-6.4126e-07,2.4225e-05,0,-0.0047607
15,-0.0031738,20,20,3.9045e-09,6.3728e-07,-2.2242e-05,0,1.0289e-19,-3.9045e-09,-6.3728e-07,2.2242e-05,0,-0.0031738
15,-0.0015869,14,14,-5.4898e-09,1.3104e-06,-2.5365e-05,0,9.8256e-20,5.4898e-09,-1.3104e-06,2.5365e-05,0,-0.0015869
16,0.013947,47,47,2.9536e-10,-2.9644e-07,1.9594e-05,2.1489e-31,4.7102e-33,-2.9536e-10,2.9644e-07,-1.9594e-05,-5.4167e-35,0.013947
16,0.012553,44,44,-7.3707e-11,-2.8823e-07,1.9309e-05,0,-6.8666e-20,7.3707e-11,2.8823e-07,-1.9309e-05,0,0.012553
16,0.011158,42,42,3.5039e-10,-3.3064e-07,1.9594e-05,0,2.0905e-18,-3.5039e-10,3.3064e-07,-1.9594e-05,1.6941e-21,0.011158
16,0.0097632,39,39,-2.2181e-10,-3.1188e-07,1.8919e-05,-6.7763e-21,-1.7788e-20,2.2181e-10,3.1188e-07,-1.8919e-05,-6.7763e-21,0.0097632
16,0.0083685,36,36,-1.7187e-10,-3.4636e-07,1.9149e-05,0,-1.9587e-19,-1.7187e-10,3.7111e-07,-1.9594e-05,0,0.0083685
16,0.0069737,33,33,-3.5155e-10,-3.6491e-07,1.8829e-05,0,2.9258e-19,-3.5155e-10,4.1131e-07,-1.9594e-05,0,0.0069737
16,0.005579,30,30,1.1084e-09,-4.7976e-07,1.9594e-05,0,-1.8076e-18,-1.1084e-09,4.7976e-07,-1.9594e-05,0,0.005579
16,0.0041842,26,26,-1.5164e-09,-3.9728e-07,1.7544e-05,0,1.4303e-19,-1.5164e-09,5.5499e-07,-1.9594e-05,0,0.0041842
16,0.0027895,21,21,1.4015e-09,-6.6128e-07,1.9594e-05,0,-8.2162e-19,-1.4015e-09,6.6128e-07,-1.9594e-05,0,0.0027895
16,0.0013947,15,15,-4.4338e-09,-6.935e-07,1.7599e-05,0,-8.8639e-20,4.4338e-09,6.935e-07,-1.7599e-05,0,0.0013947
16,-0.013947,47,47,-2.9536e-10,2.9644e-07,-1.9594e-05,9.4375e-32,3.0686e-33,-2.9536e-10,-2.4091e-07,1.8289e-05,1.6941e-21,-0.013947
16,-0.012553,44,44,7.3707e-11,2.8823e-07,-1.9309e-05,0,6.8666e-20,-7.3707e-11,-2.8823e-07,1.9309e-05,4.2352e-22,-0.012553
16,-0.011158,42,42,-3.5039e-10,3.3064e-07,-1.9594e-05,5.421e-20,2.0888e-18,-3.5039e-10,-2.7178e-07,1.8358e-05,-1.3553e-20,-0.011158
16,-0.0097632,39,39,2.2181e-10,3.1188e-07,-1.8919e-05,0,-1.8905e-19,-2.2181e-10,-3.1188e-07,1.8919e-05,6.7763e-21,-0.0097632
16,-0.0083685,36,36,1.7187e-10,3.4636e-07,-1.9149e-05,5.421e-20,1.3315e-18,-1.7187e-10,-3.4636e-07,1.9149e-05,-8.1315e-20,-0.0083685
16,-0.0069737,33,33,-3.5155e-10,4.1131e-07,-1.9594e-05,-2.7105e-20,-2.575e-18,-3.5155e-10,-3.6491e-07,1.8829e-05,0,-0.0069737
16,-0.005579,30,30,-1.1084e-09,4.7976e-07,-1.9594e-05,0,1.8076e-18,-1.1084e-09,-3.4675e-07,1.7599e-05,0,-0.005579
16,-0.0041842,26,26,1.5164e-09,3.9728e-07,-1.7544e-05,0,-1.4303e-19,-1.5164e-09,-3.9728e-07,1.7544e-05,0,-0.0041842
16,-0.0027895,21,21,-1.4015e-09,6.6128e-07,-1.9594e-05,0,8.2162e-19,-1.4015e-09,-5.4355e-07,1.8358e-05,0,-0.0027895
16,-0.0013947,15,15,4.4338e-09,6.935e-07,-1.7599e-05,0,8.8638e-20,-4.4338e-09,-6.935e-07,1.7599e-05,0,-0.0013947
17,0.012355,50,50,-2.1963e-10,-1.7571e-07,1.4277e-05,2.1065e-35,-4.371e-33,-2.1963e-10,2.1964e-07,-1.5375e-05,1.901e-48,0.012355
17,0.011119,47,47,-1.24e-10,-2.0254e-07,1.4827e-05,0,-2.231e-19,1.24e-10,2.0254e-07,-1.4827e-05,-1.3553e-20,0.011119
17,0.0098839,44,44,-3.0462e-11,-2.2938e-07,1.5257e-05,0,-2.8378e-20,3.0462e-11,2.2938e-07,-1.5257e-05,-6.7763e-21,0.0098839
17,0.0086484,42,42,-3.7798e-10,-2.0171e-07,1.4041e-05,-1.6941e-21,-4.1658e-19,-3.7798e-10,2.6521e-07,-1.5375e-05,-1.6941e-21,0.0086484
17,0.0074129,39,39,-4.9558e-10,-2.1128e-07,1.3867e-05,2.7105e-20,-3.9184e-18,-4.9558e-10,2.8859e-07,-1.5375e-05,5.421e-20,0.0074129
17,0.0061774,35,35,-2.0124e-10,-2.7407e-07,1.4882e-05,0,-1.3188e-19,-2.0124e-10,3.0225e-07,-1.5375e-05,0,0.0061774
17,0.0049419,32,32,8.7555e-10,-3.5767e-07,1.5375e-05,0,1.855e-18,-8.7555e-10,3.5767e-07,-1.5375e-05,0,0.0049419
17,0.0037065,27,27,1.6736e-10,-3.8565e-07,1.5375e-05,0,-5.8106e-19,-1.6736e-10,3.8565e-07,-1.5375e-05,0,0.0037065
17,0.002471,22,22,-1.2185e-10,-4.5876e-07,1.5257e-05,0,1.1842e-18,-1.2185e-10,4.6948e-07,-1.5375e-05,0,0.002471
17,0.0012355,17,16,8.8228e-09,-8.0292e-07,1.5375e-05,0,8.4703e-21,-3.5022e-09,7.1533e-07,-1.5375e-05,0,0.0012355
17,-0.012355,50,50,2.1963e-10,1.7571e-07,-1.4277e-05,-4.8235e-32,-1.8081e-33,-2.1963e-10,-1.7571e-07,1.4277e-05,-5.3791e-35,-0.012355
17,-0.011119,47,48,1.24e-10,2.0254e-07,-1.4827e-05,0,2.231e-19,-3.8913e-10,-1.6373e-07,1.3582e-05,0,-0.011119
17,-0.0098839,44,44,3.0462e-11,2.2938e-07,-1.5257e-05,0,2.8378e-20,-3.0462e-11,-2.2938e-07,1.5257e-05,-1.0588e-22,-0.0098839
17,-0.0086484,42,42,3.7798e-10,2.0171e-07,-1.4041e-05,0,1.692e-19,3.7798e-10,-2.6521e-07,1.5375e-05,0,-0.0086484
17,-0.0074129,39,39,-4.9558e-10,2.8859e-07,-1.5375e-05,0,-7.8943e-19,-4.9558e-10,-2.1128e-07,1.3867e-05,1.6941e-21,-0.0074129
17,-0.0061774,35,35,2.0124e-10,2.7407e-07,-1.4882e-05,0,1.3188e-19,2.0124e-10,-3.0225e-07,1.5375e-05,-2.7105e-20,-0.0061774
17,-0.0049419,32,32,-8.7555e-10,3.5767e-07,-1.5375e-05,0,-1.855e-18,-8.7555e-10,-2.456e-07,1.3582e-05,0,-0.0049419
17,-0.0037065,27,27,-1.6736e-10,3.8565e-07,-1.5375e-05,0,5.8106e-19,-1.6736e-10,-3.6758e-07,1.5131e-05,-2.7105e-20,-0.0037065
17,-0.002471,22,22,1.2185e-10,4.5876e-07,-1.5257e-05,0,-2.8985e-18,-1.2185e-10,-4.5876e-07,1.5257e-05,0,-0.002471
17,-0.0012355,16,16,-3.5022e-09,7.1533e-07,-1.5375e-05,0,2.4903e-19,3.5022e-09,-7.1533e-07,1.5375e-05,0,-0.0012355
18,0.01102,52,52,-2.2201e-12,-1.5652e-07,1.2221e-05,0,-2.507e-21,-2.2201e-12,1.5698e-07,-1.2233e-05,0,0.01102
18,0.0099182,50,50,1.323e-10,-1.7192e-07,1.2233e-05,-3.9073e-26,-9.3335e-20,1.323e-10,1.4546e-07,-1.1571e-05,0,0.0099182
18,0.0088162,47,47,1.1747e-10,-1.8087e-07,1.2233e-05,-2.7105e-20,-2.0329e-19,-1.1747e-10,1.8087e-07,-1.2233e-05,0,0.0088162
18,0.0077141,44,44,1.4402e-10,-1.9379e-07,1.2233e-05,0,-2.4242e-18,-1.4402e-10,1.9379e-07,-1.2233e-05,0,0.0077141
18,0.0066121,41,41,-2.5712e-10,-1.7079e-07,1.1368e-05,0,2.466e-19,2.5712e-10,1.7079e-07,-1.1368e-05,0,0.0066121
18,0.0055101,37,37,1.1529e-10,-2.2609e-07,1.2233e-05,0,-1.4738e-18,-1.1529e-10,2.2609e-07,-1.2233e-05,0,0.0055101
18,0.0044081,33,33,8.1805e-11,-2.5072e-07,1.2233e-05,0,-3.8794e-19,-8.1805e-11,2.5072e-07,-1.2233e-05,-5.421e-20,0.0044081
18,0.0033061,29,29,5.2228e-10,-3.014e-07,1.2233e-05,0,9.9272e-19,-5.2228e-10,3.014e-07,-1.2233e-05,0,0.0033061
18,0.002204,24,24,-1.3076e-09,-2.5611e-07,1.0726e-05,0,1.2451e-18,1.3076e-09,2.5611e-07,-1.0726e-05,0,0.002204
18,0.001102,17,17,2.7436e-09,-5.419e-07,1.2233e-05,0,6.7763e-21,-2.7436e-09,5.419e-07,-1.2233e-05,0,0.001102
18,-0.01102,52,52,2.2201e-12,1.5652e-07,-1.2221e-05,0,2.507e-21,-2.2201e-12,-1.5652e-07,1.2221e-05,7.4468e-36,-0.01102
18,-0.0099182,50,50,1.323e-10,1.4546e-07,-1.1571e-05,0,2.7265e-19,-1.323e-10,-1.4546e-07,1.1571e-05,1.3553e-20,-0.0099182
18,-0.0088162,47,47,-1.1747e-10,1.8087e-07,-1.2233e-05,2.7105e-20,-2.0159e-19,-1.1747e-10,-1.5879e-07,1.1714e-05,0,-0.0088162
18,-0.0077141,44,44,-1.4402e-10,1.9379e-07,-1.2233e-05,0,2.4242e-18,-1.4402e-10,-1.6844e-07,1.1675e-05,8.4703e-22,-0.0077141
18,-0.0066121,41,41,-2.5712e-10,2.1296e-07,-1.2233e-05,0,6.7593e-19,-2.5712e-10,-1.7079e-07,1.1368e-05,-5.421e-20,-0.0066121
18,-0.0055101,37,37,-1.1529e-10,2.2609e-07,-1.2233e-05,0,1.4738e-18,-1.1529e-10,-2.0903e-07,1.1917e-05,0,-0.0055101
18,-0.0044081,33,33,-8.1805e-11,2.5072e-07,-1.2233e-05,0,3.8794e-19,8.1805e-11,-2.5072e-07,1.2233e-05,5.421e-20,-0.0044081
18,-0.0033061,29,29,-5.2228e-10,3.014e-07,-1.2233e-05,2.7105e-20,2.4564e-19,-5.2228e-10,-2.4082e-07,1.1354e-05,8.4703e-22,-0.0033061
18,-0.002204,24,24,1.3076e-09,2.5611e-07,-1.0726e-05,0,1.246e-18,-1.3076e-09,-2.5611e-07,1.0726e-05,0,-0.002204
18,-0.001102,17,17,-2.7436e-09,5.419e-07,-1.2233e-05,0,-6.7763e-21,2.7436e-09,-5.419e-07,1.2233e-05,0,-0.001102
19,0.0098907,55,55,-1.474e-11,-1.1728e-07,9.7644e-06,-6.7763e-21,-1.2705e-20,-1.474e-11,1.2052e-07,-9.8536e-06,0,0.0098907
19,0.0089016,53,53,1.2341e-10,-1.3266e-07,9.8536e-06,2.4692e-26,-1.7579e-18,1.2341e-10,1.065e-07,-9.1603e-06,-6.7763e-21,0.0089016
19,0.0079126,50,50,-1.4339e-10,-1.1226e-07,9.1366e-06,3.3881e-21,6.1579e-19,1.4339e-10,1.1226e-07,-9.1366e-06,0,0.0079126
19,0.0069235,46,46,-1.7786e-11,-1.4062e-07,9.7783e-06,0,2.5676e-20,-1.7786e-11,1.439e-07,-9.8536e-06,0,0.0069235
19,0.0059344,43,43,-1.2167e-10,-1.3882e-07,9.4036e-06,0,1.0633e-19,1.2167e-10,1.3882e-07,-9.4036e-06,0,0.0059344
19,0.0049454,39,39,6.5355e-11,-1.7184e-07,9.8536e-06,0,5.277e-19,-6.5355e-11,1.7184e-07,-9.8536e-06,0,0.0049454
19,0.0039563,35,35,-1.3445e-10,-1.7514e-07,9.5242e-06,0,-8.8108e-20,1.3445e-10,1.7514e-07,-9.5242e-06,0,0.0039563
19,0.0029672,31,31,-6.1464e-10,-1.6109e-07,8.6722e-06,0,3.7509e-19,-6.1464e-10,2.3731e-07,-9.8536e-06,0,0.0029672
19,0.0019781,25,25,5.7356e-10,-2.8188e-07,9.8536e-06,0,-9.6562e-20,-5.7356e-10,2.8188e-07,-9.8536e-06,0,0.0019781
19,0.00098907,18,18,-2.1466e-09,-2.6191e-07,8.4626e-06,0,3.5224e-20,-2.1466e-09,4.1646e-07,-9.8536e-06,0,0.00098907
19,-0.0098907,55,55,1.474e-11,1.1728e-07,-9.7644e-06,6.7763e-21,1.2705e-20,1.474e-11,-1.2052e-07,9.8536e-06,0,-0.0098907
19,-0.0089016,53,53,1.2341e-10,1.065e-07,-9.1603e-06,0,-5.8477e-20,-1.2341e-10,-1.065e-07,9.1603e-06,0,-0.0089016
19,-0.0079126,50,50,-1.4339e-10,1.4094e-07,-9.8536e-06,0,2.3982e-20,-1.4339e-10,-1.1226e-07,9.1366e-06,0,-0.0079126
19,-0.0069235,46,46,1.7786e-11,1.4062e-07,-9.7783e-06,0,-2.5676e-20,-1.7786e-11,-1.4062e-07,9.7783e-06,0,-0.0069235
19,-0.0059344,43,43,-1.2167e-10,1.5974e-07,-9.8536e-06,0,-1.6161e-18,-1.2167e-10,-1.3882e-07,9.4036e-06,0,-0.0059344
19,-0.0049454,39,39,-6.5355e-11,1.7184e-07,-9.8536e-06,0,-5.277e-19,6.5355e-11,-1.7184e-07,9.8536e-06,-5.421e-20,-0.0049454
19,-0.0039563,35,35,1.3445e-10,1.7514e-07,-9.5242e-06,0,8.8108e-20,-1.3445e-10,-1.7514e-07,9.5242e-06,0,-0.0039563
19,-0.0029672,31,31,-6.1464e-10,2.3731e-07,-9.8536e-06,-1.3553e-20,-8.123e-19,-6.1464e-10,-1.6109e-07,8.6722e-06,8.4703e-22,-0.0029672
19,-0.0019781,25,25,-5.7356e-10,2.8188e-07,-9.8536e-06,0,9.6562e-20,-5.7356e-10,-2.2452e-07,9.1366e-06,4.2352e-22,-0.0019781
19,-0.00098907,18,18,2.1466e-09,2.6191e-07,-8.4626e-06,0,-3.5225e-20,2.1466e-09,-4.1646e-07,9.8536e-06,0,-0.00098907
20,0.0089264,58,58,-1.9409e-11,-8.9249e-08,7.8952e-06,2.0463e-34,9.6146e-34,-1.9409e-11,9.3751e-08,-8.0258e-06,4.702e-38,0.0089264
20,0.0080337,55,55,-1.9322e-11,-9.4448e-08,7.9089e-06,0,-2.0609e-20,-1.9322e-11,9.8699e-08,-8.0258e-06,1.3721e-32,0.0080337
20,0.0071411,52,52,-3.8082e-11,-9.7614e-08,7.8198e-06,0,-4.3003e-20,-3.8082e-11,1.0554e-07,-8.0258e-06,0,0.0071411
20,0.0062485,49,49,-9.099e-11,-9.7305e-08,7.5889e-06,-4.2352e-22,1.2917e-20,-9.099e-11,1.1514e-07,-8.0258e-06,0,0.0062485
20,0.0053558,45,45,-4.5055e-11,-1.1349e-07,7.8433e-06,0,3.2479e-20,4.5055e-11,1.1349e-07,-7.8433e-06,0,0.0053558
20,0.0044632,41,41,-3.6023e-11,-1.2656e-07,7.9047e-06,0,9.2538e-18,3.6023e-11,1.2656e-07,-7.9047e-06,0,0.0044632
20,0.0035705,37,37,1.4708e-10,-1.5186e-07,8.0258e-06,0,-9.5461e-19,-1.4708e-10,1.5186e-07,-8.0258e-06,0,0.0035705
20,0.0026779,32,32,-1.7612e-10,-1.5218e-07,7.6651e-06,0,2.357e-19,1.7612e-10,1.5218e-07,-7.6651e-06,0,0.0026779
20,0.0017853,26,27,-1.5233e-10,-1.9523e-07,7.8198e-06,0,1.4367e-20,9.3139e-10,1.3111e-07,-6.6678e-06,0,0.0017853
20,0.00089264,19,19,-1.6835e-09,-1.9631e-07,6.8103e-06,0,-4.8299e-20,-1.6835e-09,3.2426e-07,-8.0258e-06,0,0.00089264
20,-0.0089264,58,58,1.9409e-11,8.9249e-08,-7.8952e-06,-2.0463e-34,-9.6146e-34,-1.9409e-11,-8.9249e-08,7.8952e-06,4.2352e-22,-0.0089264
20,-0.0080337,55,56,1.9322e-11,9.4448e-08,-7.9089e-06,0,2.0609e-20,-1.0856e-10,-7.9333e-08,7.3449e-06,0,-0.0080337
20,-0.0071411,52,52,3.8082e-11,9.7614e-08,-7.8198e-06,0,4.3003e-20,-3.8082e-11,-9.7614e-08,7.8198e-06,0,-0.0071411
20,-0.0062485,49,49,-9.099e-11,1.1514e-07,-8.0258e-06,0,-3.9016e-20,9.099e-11,-1.1514e-07,8.0258e-06,-2.7105e-20,-0.0062485
20,-0.0053558,45,45,4.5055e-11,1.1349e-07,-7.8433e-06,0,-3.2479e-20,-4.5055e-11,-1.1349e-07,7.8433e-06,2.1176e-22,-0.0053558
20,-0.0044632,41,41,3.6023e-11,1.2656e-07,-7.9047e-06,0,-3.455e-20,-3.6023e-11,-1.2656e-07,7.9047e-06,0,-0.0044632
20,-0.0035705,37,37,-1.4708e-10,1.5186e-07,-8.0258e-06,0,9.5461e-19,1.4708e-10,-1.5186e-07,8.0258e-06,-1.3553e-20,-0.0035705
20,-0.0026779,32,32,1.7612e-10,1.5218e-07,-7.6651e-06,0,-2.357e-19,-1.7612e-10,-1.5218e-07,7.6651e-06,0,-0.0026779
20,-0.0017853,26,26,1.5233e-10,1.9523e-07,-7.8198e-06,0,-1.4367e-20,-1.5233e-10,-1.9523e-07,7.8198e-06,1.0588e-22,-0.0017853
20,-0.00089264,19,19,1.6835e-09,1.9631e-07,-6.8103e-06,0,4.8299e-20,-1.6835e-09,-1.9631e-07,6.8103e-06,-4.2352e-22,-0.00089264
21,0.0080965,61,61,-2.0202e-11,-6.8876e-08,6.4525e-06,0,-1.5776e-33,-2.0202e-11,7.3805e-08,-6.6028e-06,-8.5851e-45,0.0080965
21,0.0072868,58,58,-3.1056e-11,-7.1091e-08,6.3939e-06,-6.7763e-21,1.8105e-19,3.1056e-11,7.1091e-08,-6.3939e-06,0,0.0072868
21,0.0064772,55,55,-5.9233e-11,-7.1347e-08,6.2445e-06,-5.421e-20,8.965e-18,-5.9233e-11,8.4378e-08,-6.6028e-06,0,0.0064772
21,0.0056675,51,51,-2.533e-11,-8.2867e-08,6.4711e-06,0,-6.0937e-21,2.533e-11,8.2867e-08,-6.4711e-06,0,0.0056675
21,0.0048579,47,47,-2.4587e-12,-9.3349e-08,6.592e-06,0,-4.4237e-21,-2.4587e-12,9.3811e-08,-6.6028e-06,0,0.0048579
21,0.0040482,43,43,-1.8697e-11,-1.0023e-07,6.5337e-06,0,1.634e-20,-1.8697e-11,1.0344e-07,-6.6028e-06,0,0.0040482
21,0.0032386,39,39,-1.4141e-10,-9.8163e-08,6.1727e-06,0,-1.296e-18,-1.4141e-10,1.2022e-07,-6.6028e-06,0,0.0032386
21,0.0024289,34,34,-2.5895e-10,-1.0599e-07,6.0041e-06,0,-3.569e-20,-2.5895e-10,1.4121e-07,-6.6028e-06,0,0.0024289
21,0.0016193,28,28,5.1856e-10,-1.7657e-07,6.6028e-06,0,-6.2257e-19,5.1856e-10,1.1849e-07,-5.7897e-06,0,0.0016193
21,0.00080965,20,20,1.3262e-09,-2.5546e-07,6.6028e-06,0,2.6682e-19,-1.3262e-09,2.5546e-07,-6.6028e-06,0,0.00080965
21,-0.0080965,61,61,2.0202e-11,6.8876e-08,-6.4525e-06,0,1.5776e-33,-2.0202e-11,-6.8876e-08,6.4525e-06,2.1176e-22,-0.0080965
21,-0.0072868,58,58,-3.1056e-11,7.8296e-08,-6.6028e-06,4.2352e-22,-6.088e-22,-3.1056e-11,-7.1091e-08,6.3939e-06,-8.4703e-22,-0.0072868
21,-0.0064772,55,55,5.9233e-11,7.1347e-08,-6.2445e-06,4.0658e-20,8.9658e-18,-5.9233e-11,-7.1347e-08,6.2445e-06,0,-0.0064772
21,-0.0056675,51,51,2.533e-11,8.2867e-08,-6.4711e-06,0,6.0937e-21,2.533e-11,-8.8034e-08,6.6028e-06,-2.7105e-20,-0.0056675
21,-0.0048579,47,47,2.4587e-12,9.3349e-08,-6.592e-06,0,4.4237e-21,-2.4587e-12,-9.3349e-08,6.592e-06,2.647e-23,-0.0048579
21,-0.0040482,43,43,1.8697e-11,1.0023e-07,-6.5337e-06,0,-1.634e-20,-1.8697e-11,-1.0023e-07,6.5337e-06,0,-0.0040482
21,-0.0032386,39,39,1.4141e-10,9.8163e-08,-6.1727e-06,0,-1.2968e-18,-1.4141e-10,-9.8163e-08,6.1727e-06,0,-0.0032386
21,-0.0024289,34,34,-2.5895e-10,1.4121e-07,-6.6028e-06,0,-1.1011e-19,-2.5895e-10,-1.0599e-07,6.0041e-06,0,-0.0024289
21,-0.0016193,28,29,-5.1856e-10,1.7657e-07,-6.6028e-06,0,6.2257e-19,-9.8277e-10,-7.5788e-08,4.9498e-06,6.7763e-21,-0.0016193
21,-0.00080965,20,20,-1.3262e-09,2.5546e-07,-6.6028e-06,0,-2.6682e-19,-1.3262e-09,-1.4936e-07,5.5419e-06,0,-0.00080965
22,0.0073772,64,64,1.9171e-11,-5.8737e-08,5.4817e-06,-8.2107e-48,1.3685e-48,-1.9171e-11,5.8737e-08,-5.4817e-06,-4.9407e-300,0.0073772
22,0.0066394,61,61,-3.4605e-11,-5.428e-08,5.2242e-06,-3.3881e-21,6.6132e-19,-3.4605e-11,6.2724e-08,-5.4817e-06,-8.4703e-22,0.0066394
22,0.0059017,57,57,9.9388e-12,-6.4869e-08,5.4817e-06,0,-2.8041e-18,-9.9388e-12,6.4869e-08,-5.4817e-06,-4.2352e-22,0.0059017
22,0.005164,54,54,-5.7938e-11,-5.9332e-08,5.1438e-06,0,-1.6192e-19,5.7938e-11,5.9332e-08,-5.1438e-06,0,0.005164
22,0.0044263,50,50,6.8065e-11,-7.7627e-08,5.4817e-06,-1.3553e-20,-6.2977e-19,-6.8065e-11,7.7627e-08,-5.4817e-06,1.3553e-20,0.0044263
22,0.0036886,45,45,8.4711e-12,-8.1719e-08,5.4817e-06,0,-2.3802e-19,-8.4711e-12,8.1719e-08,-5.4817e-06,0,0.0036886
22,0.0029509,41,41,1.2817e-10,-9.614e-08,5.4817e-06,0,-3.0239e-19,1.2817e-10,7.5121e-08,-5.0508e-06,0,0.0029509
22,0.0022131,35,35,5.0419e-11,-1.0677e-07,5.4817e-06,-1.3553e-20,4.7857e-19,-5.0419e-11,1.0677e-07,-5.4817e-06,0,0.0022131
22,0.0014754,29,29,-2.5991e-10,-1.0592e-07,5.0446e-06,0,-6.7921e-20,-2.5991e-10,1.3607e-07,-5.4817e-06,0,0.0014754
22,0.00073772,21,21,-1.0504e-09,-1.152e-07,4.5552e-06,0,-5.4542e-20,1.0504e-09,1.152e-07,-4.5552e-06,0,0.00073772
22,-0.0073772,64,64,-1.9171e-11,5.8737e-08,-5.4817e-06,1.3685e-48,-6.8423e-49,-1.9171e-11,-5.3829e-08,5.3247e-06,8.7457e-36,-0.0073772
22,-0.0066394,61,61,-3.4605e-11,6.2724e-08,-5.4817e-06,0,-8.8674e-22,-3.4605e-11,-5.428e-08,5.2242e-06,8.4703e-22,-0.0066394
22,-0.0059017,57,57,-9.9388e-12,6.4869e-08,-5.4817e-06,0,2.8041e-18,-9.9388e-12,-6.2603e-08,5.4171e-06,-2.1176e-22,-0.0059017
22,-0.005164,54,54,-5.7938e-11,7.1847e-08,-5.4817e-06,-4.2352e-22,2.6682e-20,-5.7938e-11,-5.9332e-08,5.1438e-06,0,-0.005164
22,-0.0044263,50,50,6.8065e-11,6.4014e-08,-5.1414e-06,0,1.4027e-19,-6.8065e-11,-6.4014e-08,5.1414e-06,0,-0.0044263
22,-0.0036886,45,45,-8.4711e-12,8.1719e-08,-5.4817e-06,0,2.3802e-19,-8.4711e-12,-8.0194e-08,5.4474e-06,0,-0.0036886
22,-0.0029509,41,41,1.2817e-10,7.5121e-08,-5.0508e-06,0,-1.2292e-19,-1.2817e-10,-7.5121e-08,5.0508e-06,0,-0.0029509
22,-0.0022131,35,35,5.0419e-11,9.9708e-08,-5.3582e-06,0,3.3041e-20,5.0419e-11,-1.0677e-07,5.4817e-06,-1.3553e-20,-0.0022131
22,-0.0014754,29,29,2.5991e-10,1.0592e-07,-5.0446e-06,0,6.7921e-20,-2.5991e-10,-1.0592e-07,5.0446e-06,0,-0.0014754
22,-0.00073772,21,21,1.0504e-09,1.152e-07,-4.5552e-06,0,5.4542e-20,1.0504e-09,-2.0344e-07,5.4817e-06,0,-0.00073772
23,0.0067496,67,67,1.7375e-11,-4.7212e-08,4.5888e-06,0,-9.2496e-19,-1.7375e-11,4.7212e-08,-4.5888e-06,3.0365e-34,0.0067496
23,0.0060747,64,64,3.4072e-11,-5.0707e-08,4.5888e-06,-1.3553e-20,1.512e-19,3.4072e-11,4.1985e-08,-4.3097e-06,3.3881e-21,0.0060747
23,0.0053997,60,60,2.4729e-11,-5.2965e-08,4.5888e-06,0,-5.1161e-19,2.4729e-11,4.703e-08,-4.4107e-06,-3.3881e-21,0.0053997
23,0.0047247,56,56,2.1982e-11,-5.627e-08,4.5888e-06,0,9.8425e-19,-2.1982e-11,5.627e-08,-4.5888e-06,9.9296e-34,0.0047247
23,0.0040498,52,52,3.5385e-11,-6.1284e-08,4.5888e-06,0,-1.2371e-18,-3.5385e-11,6.1284e-08,-4.5888e-06,0,0.0040498
23,0.0033748,47,47,2.4932e-12,-6.5245e-08,4.5888e-06,0,4.5486e-19,2.4932e-12,6.4776e-08,-4.5778e-06,0,0.0033748
23,0.0026998,43,43,1.1264e-10,-7.7602e-08,4.5888e-06,0,7.348e-19,-1.1264e-10,7.7602e-08,-4.5888e-06,-4.2352e-22,0.0026998
23,0.0020249,37,37,1.1065e-10,-8.8139e-08,4.5888e-06,0,-5.4168e-19,1.1065e-10,7.1763e-08,-4.2858e-06,0,0.0020249
23,0.0013499,30,30,9.8916e-11,-1.0593e-07,4.5888e-06,0,-4.3749e-19,-9.8916e-11,1.0593e-07,-4.5888e-06,0,0.0013499
23,0.00067496,22,22,8.3703e-10,-1.6361e-07,4.5888e-06,0,3.8116e-19,-8.3703e-10,1.6361e-07,-4.5888e-06,0,0.00067496
23,-0.0067496,67,67,1.7375e-11,4.2555e-08,-4.4328e-06,1.627e-36,3.41e-36,-1.7375e-11,-4.2555e-08,4.4328e-06,2.1176e-22,-0.0067496
23,-0.0060747,64,64,-3.4072e-11,5.0707e-08,-4.5888e-06,2.7105e-20,1.5035e-19,-3.4072e-11,-4.1985e-08,4.3097e-06,-3.3881e-21,-0.0060747
23,-0.0053997,60,60,-2.4729e-11,5.2965e-08,-4.5888e-06,0,5.1161e-19,-2.4729e-11,-4.703e-08,4.4107e-06,0,-0.0053997
23,-0.0047247,56,56,-2.1982e-11,5.627e-08,-4.5888e-06,2.2336e-31,5.3008e-33,-2.1982e-11,-5.1346e-08,4.4509e-06,1.6941e-21,-0.0047247
23,-0.0040498,52,52,-3.5385e-11,6.1284e-08,-4.5888e-06,0,1.2371e-18,3.5385e-11,-6.1284e-08,4.5888e-06,-1.3553e-20,-0.0040498
23,-0.0033748,47,47,-2.4932e-12,6.5245e-08,-4.5888e-06,0,-4.5486e-19,2.4932e-12,-6.5245e-08,4.5888e-06,-1.3553e-20,-0.0033748
23,-0.0026998,43,43,1.1264e-10,5.8228e-08,-4.1722e-06,0,-9.8443e-20,-1.1264e-10,-5.8228e-08,4.1722e-06,0,-0.0026998
23,-0.0020249,37,38,-1.1065e-10,8.8139e-08,-4.5888e-06,0,5.4168e-19,-2.645e-10,-5.3702e-08,3.8249e-06,0,-0.0020249
23,-0.0013499,30,30,-9.8916e-11,1.0593e-07,-4.5888e-06,0,4.3749e-19,9.8916e-11,-1.0593e-07,4.5888e-06,0,-0.0013499
23,-0.00067496,22,22,8.3703e-10,8.9948e-08,-3.7785e-06,0,1.947e-20,-8.3703e-10,-8.9948e-08,3.7785e-06,0,-0.00067496
24,0.0061989,70,70,1.5354e-11,-3.8295e-08,3.8705e-06,-1.3553e-20,6.3316e-19,-1.5354e-11,3.8295e-08,-3.8705e-06,1.2948e-40,0.0061989
24,0.005579,66,66,6.4709e-12,-3.9665e-08,3.8705e-06,0,-9.3936e-19,6.4709e-12,3.7957e-08,-3.8141e-06,0,0.005579
24,0.0049591,62,62,5.197e-14,-4.1622e-08,3.8705e-06,0,-4.413e-19,-5.197e-14,4.1622e-08,-3.8705e-06,-1.3553e-20,0.0049591
24,0.0043392,58,58,-2.3039e-13,-4.4452e-08,3.8689e-06,0,-1.3309e-23,2.3039e-13,4.4452e-08,-3.8689e-06,0,0.0043392
24,0.0037193,54,54,1.5089e-11,-4.887e-08,3.8705e-06,0,-9.3809e-19,-1.5089e-11,4.887e-08,-3.8705e-06,0,0.0037193
24,0.0030994,50,50,-6.0456e-11,-4.3545e-08,3.5682e-06,0,-1.2459e-19,-6.0456e-11,5.5637e-08,-3.8705e-06,2.7105e-20,0.0030994
24,0.0024795,44,44,1.456e-11,-5.9498e-08,3.8705e-06,0,-7.7927e-19,1.456e-11,5.6935e-08,-3.8141e-06,0,0.0024795
24,0.0018597,38,38,4.7786e-12,-6.8145e-08,3.8705e-06,-1.3553e-20,4.4046e-19,-4.7786e-12,6.8145e-08,-3.8705e-06,0,0.0018597
24,0.0012398,31,32,-2.0788e-13,-8.3219e-08,3.8701e-06,0,1.2686e-22,-2.3273e-10,9.0564e-08,-3.8705e-06,0,0.0012398
24,0.00061989,22,22,-5.8238e-11,-1.1387e-07,3.8141e-06,0,-1.3547e-21,-5.8238e-11,1.19e-07,-3.8705e-06,0,0.00061989
24,-0.0061989,70,70,-1.5354e-11,3.8295e-08,-3.8705e-06,9.6259e-32,1.759e-33,-1.5354e-11,-3.3995e-08,3.72e-06,4.2352e-22,-0.0061989
24,-0.005579,66,66,-6.4709e-12,3.9665e-08,-3.8705e-06,0,2.8786e-21,-6.4709e-12,-3.7957e-08,3.8141e-06,0,-0.005579
24,-0.0049591,62,62,-5.197e-14,4.1622e-08,-3.8705e-06,0,4.413e-19,-5.197e-14,-4.1609e-08,3.8701e-06,0,-0.0049591
24,-0.0043392,58,58,-2.3039e-13,4.4506e-08,-3.8705e-06,8.8189e-35,2.0277e-36,-2.3039e-13,-4.4452e-08,3.8689e-06,-3.3881e-21,-0.0043392
24,-0.0037193,54,54,-1.5089e-11,4.887e-08,-3.8705e-06,0,9.3809e-19,-1.5089e-11,-4.5611e-08,3.7825e-06,1.0588e-22,-0.0037193
24,-0.0030994,50,50,-6.0456e-11,5.5637e-08,-3.8705e-06,0,-6.7763e-20,6.0456e-11,-5.5637e-08,3.8705e-06,-2.7105e-20,-0.0030994
24,-0.0024795,44,44,1.456e-11,5.6935e-08,-3.8141e-06,0,1.3564e-20,-1.456e-11,-5.6935e-08,3.8141e-06,0,-0.0024795
24,-0.0018597,38,38,-4.7786e-12,6.8145e-08,-3.8705e-06,2.0329e-20,4.4046e-19,4.7786e-12,-6.8145e-08,3.8705e-06,-1.3553e-20,-0.0018597
24,-0.0012398,31,31,2.0788e-13,8.3219e-08,-3.8701e-06,0,-1.2686e-22,-2.0788e-13,-8.3219e-08,3.8701e-06,4.1359e-25,-0.0012398
24,-0.00061989,22,22,5.8238e-11,1.1387e-07,-3.8141e-06,0,1.3547e-21,-5.8238e-11,-1.1387e-07,3.8141e-06,0,-0.00061989
25,0.0057129,73,73,-1.3371e-11,-2.7419e-08,3.1449e-06,-1.4896e-34,1.6611e-33,-1.3371e-11,3.1323e-08,-3.2874e-06,5.7776e-36,0.0057129
25,0.0051416,69,69,-9.9865e-12,-2.9924e-08,3.1923e-06,5.0822e-21,-4.1494e-19,9.9865e-12,2.9924e-08,-3.1923e-06,1.6941e-21,0.0051416
25,0.0045703,65,65,-9.983e-12,-3.1986e-08,3.203e-06,0,9.8405e-21,9.983e-12,3.1986e-08,-3.203e-06,0,0.0045703
25,0.003999,61,61,1.699e-11,-3.7309e-08,3.2874e-06,0,5.4803e-19,1.699e-11,3.3164e-08,-3.1609e-06,0,0.003999
25,0.0034277,56,56,-2.6428e-12,-3.8741e-08,3.2708e-06,1.9259e-34,-7.841e-21,-2.6428e-12,3.9333e-08,-3.2874e-06,2.647e-23,0.0034277
25,0.0028564,52,52,4.3727e-11,-4.5177e-08,3.2874e-06,0,-8.7202e-19,-4.3727e-11,4.5177e-08,-3.2874e-06,0,0.0028564
25,0.0022852,46,46,2.247e-11,-4.9021e-08,3.2874e-06,0,9.5715e-20,2.247e-11,4.4887e-08,-3.1923e-06,0,0.0022852
25,0.0017139,40,40,4.6168e-11,-5.7252e-08,3.2874e-06,0,4.9128e-20,-4.6168e-11,5.7252e-08,-3.2874e-06,0,0.0017139
25,0.0011426,33,33,1.2835e-10,-7.2059e-08,3.2874e-06,0,-1.008e-19,1.2835e-10,5.5117e-08,-3.0078e-06,0,0.0011426
25,0.00057129,23,23,-8.9879e-11,-8.9773e-08,3.1923e-06,0,1.283e-20,-8.9879e-11,9.8042e-08,-3.2874e-06,0,0.00057129
25,-0.0057129,73,73,1.3371e-11,2.7419e-08,-3.1449e-06,1.4896e-34,-1.6611e-33,-1.3371e-11,-2.7419e-08,3.1449e-06,1.0588e-21,-0.0057129
25,-0.0051416,69,69,9.9865e-12,2.9924e-08,-3.1923e-06,-3.3881e-21,-4.1494e-19,-9.9865e-12,-2.9924e-08,3.1923e-06,-1.6941e-21,-0.0051416
25,-0.0045703,65,65,-9.983e-12,3.4582e-08,-3.2874e-06,5.294e-22,-1.5581e-20,9.983e-12,-3.4582e-08,3.2874e-06,1.3553e-20,-0.0045703
25,-0.003999,61,61,-1.699e-11,3.7309e-08,-3.2874e-06,0,-5.4803e-19,-1.699e-11,-3.3164e-08,3.1609e-06,0,-0.003999
25,-0.0034277,56,56,2.6428e-12,3.8741e-08,-3.2708e-06,2.7105e-20,5.435e-18,-2.6428e-12,-3.8741e-08,3.2708e-06,0,-0.0034277
25,-0.0028564,52,52,-4.3727e-11,4.5177e-08,-3.2874e-06,0,8.7202e-19,4.3727e-11,-4.5177e-08,3.2874e-06,-6.7763e-21,-0.0028564
25,-0.0022852,46,46,-2.247e-11,4.9021e-08,-3.2874e-06,0,-9.5715e-20,-2.247e-11,-4.4887e-08,3.1923e-06,5.191e-35,-0.0022852
25,-0.0017139,40,40,-4.6168e-11,5.7252e-08,-3.2874e-06,0,2.9519e-19,-4.6168e-11,-4.9865e-08,3.1396e-06,0,-0.0017139
25,-0.0011426,33,33,-1.2835e-10,7.2059e-08,-3.2874e-06,0,1.008e-19,1.2835e-10,-7.2059e-08,3.2874e-06,0,-0.0011426
25,-0.00057129,23,23,-8.9879e-11,9.8042e-08,-3.2874e-06,0,3.1086e-19,8.9879e-11,-9.8042e-08,3.2874e-06,0,-0.00057129
26,0.0052819,76,76,-1.1547e-11,-2.2309e-08,2.6767e-06,-5.2286e-35,-2.9641e-34,-1.1547e-11,2.582e-08,-2.8101e-06,0,0.0052819
26,0.0047537,72,72,1.1396e-11,-2.7113e-08,2.8101e-06,1.3553e-20,8.7287e-19,1.1396e-11,2.3831e-08,-2.6919e-06,0,0.0047537
26,0.0042255,68,68,1.4834e-11,-2.8894e-08,2.8101e-06,0,-9.0082e-19,-1.4834e-11,2.8894e-08,-2.8101e-06,1.3553e-20,0.0042255
26,0.0036973,63,63,3.8821e-12,-3.0062e-08,2.8101e-06,0,-1.848e-18,-3.8821e-12,3.0062e-08,-2.8101e-06,-5.294e-23,0.0036973
26,0.0031691,59,59,-2.2646e-11,-2.8189e-08,2.6524e-06,0,-6.5798e-20,-2.2646e-11,3.3533e-08,-2.8101e-06,2.1176e-22,0.0031691
26,0.0026409,54,54,3.1906e-11,-3.6989e-08,2.8101e-06,0,-6.6619e-19,-3.1906e-11,3.6989e-08,-2.8101e-06,0,0.0026409
26,0.0021128,48,48,2.564e-11,-4.0669e-08,2.8101e-06,0,-3.1065e-19,-2.564e-11,4.0669e-08,-2.8101e-06,0,0.0021128
26,0.0015846,42,42,6.5316e-11,-4.8262e-08,2.8101e-06,0,-6.3083e-19,6.5316e-11,3.7289e-08,-2.5796e-06,0,0.0015846
26,0.0010564,34,34,5.9337e-11,-5.7789e-08,2.8101e-06,0,4.7646e-20,-5.9337e-11,5.7789e-08,-2.8101e-06,1.0588e-22,0.0010564
26,0.00052819,24,24,1.0256e-10,-8.1339e-08,2.8101e-06,0,1.1266e-19,-1.0256e-10,8.1339e-08,-2.8101e-06,0,0.00052819
26,-0.0052819,76,76,1.1547e-11,2.2309e-08,-2.6767e-06,5.2286e-35,2.9641e-34,-1.1547e-11,-2.2309e-08,2.6767e-06,-2.1176e-22,-0.0052819
26,-0.0047537,72,72,-1.1396e-11,2.7113e-08,-2.8101e-06,-2.7105e-20,8.7287e-19,-1.1396e-11,-2.3831e-08,2.6919e-06,0,-0.0047537
26,-0.0042255,68,68,-1.4834e-11,2.8894e-08,-2.8101e-06,0,9.0082e-19,1.4834e-11,-2.8894e-08,2.8101e-06,-1.3553e-20,-0.0042255
26,-0.0036973,63,63,3.8821e-12,2.9084e-08,-2.7792e-06,-7.7037e-34,-2.0252e-20,-3.8821e-12,-2.9084e-08,2.7792e-06,0,-0.0036973
26,-0.0031691,59,59,-2.2646e-11,3.3533e-08,-2.8101e-06,2.0329e-20,3.8286e-19,-2.2646e-11,-2.8189e-08,2.6524e-06,0,-0.0031691
26,-0.0026409,54,54,-3.1906e-11,3.6989e-08,-2.8101e-06,0,6.6619e-19,3.1906e-11,-3.6989e-08,2.8101e-06,-6.7763e-21,-0.0026409
26,-0.0021128,48,48,-2.564e-11,4.0669e-08,-2.8101e-06,0,3.1065e-19,-2.564e-11,-3.5747e-08,2.6919e-06,0,-0.0021128
26,-0.0015846,42,42,-6.5316e-11,4.8262e-08,-2.8101e-06,0,6.3083e-19,-6.5316e-11,-3.7289e-08,2.5796e-06,0,-0.0015846
26,-0.0010564,34,34,-5.9337e-11,5.7789e-08,-2.8101e-06,0,-4.7646e-20,-5.9337e-11,-4.9719e-08,2.6729e-06,1.0588e-22,-0.0010564
26,-0.00052819,24,24,-1.0256e-10,8.1339e-08,-2.8101e-06,0,-1.1266e-19,1.0256e-10,-8.1339e-08,2.8101e-06,0,-0.00052819
27,0.0048979,78,78,-1.9491e-13,-2.0612e-08,2.4139e-06,1.3526e-31,1.3045e-32,-1.9491e-13,2.0672e-08,-2.4163e-06,0,0.0048979
27,0.0044081,74,74,-2.4876e-13,-2.1719e-08,2.4136e-06,0,-4.1496e-21,2.4876e-13,2.1719e-08,-2.4136e-06,0,0.0044081
27,0.0039183,70,70,-3.5413e-12,-2.2351e-08,2.3816e-06,1.0588e-22,-7.041e-21,-3.5413e-12,2.3343e-08,-2.4163e-06,2.8047e-34,0.0039183
27,0.0034285,66,66,1.2644e-11,-2.552e-08,2.4163e-06,0,-1.3006e-18,-1.2644e-11,2.552e-08,-2.4163e-06,0,0.0034285
27,0.0029387,61,61,1.2633e-11,-2.7435e-08,2.4163e-06,0,4.0276e-19,-1.2633e-11,2.7435e-08,-2.4163e-06,0,0.0029387
27,0.0024489,56,56,-2.3462e-11,-2.5262e-08,2.2692e-06,0,-6.9611e-20,-2.3462e-11,3.0517e-08,-2.4163e-06,0,0.0024489
27,0.0019591,50,51,2.6133e-11,-3.396e-08,2.4163e-06,0,4.2775e-20,-6.0216e-11,3.568e-08,-2.4163e-06,6.7763e-21,0.0019591
27,0.0014694,43,43,-1.7454e-11,-3.5461e-08,2.3518e-06,0,1.5254e-20,-1.7454e-11,3.8463e-08,-2.4163e-06,0,0.0014694
27,0.00097957,35,35,-1.4165e-11,-4.4703e-08,2.3816e-06,0,-9.283e-21,1.4165e-11,4.4703e-08,-2.3816e-06,0,0.00097957
27,0.00048979,25,25,1.0453e-10,-6.7919e-08,2.4163e-06,0,-2.3929e-20,-1.0453e-10,6.7919e-08,-2.4163e-06,0,0.00048979
27,-0.0048979,78,78,1.9491e-13,2.0612e-08,-2.4139e-06,-1.3526e-31,-1.3045e-32,-1.9491e-13,-2.0612e-08,2.4139e-06,-6.6174e-24,-0.0048979
27,-0.0044081,74,74,2.4876e-13,2.1719e-08,-2.4136e-06,0,-5.428e-21,-2.4876e-13,-2.1719e-08,2.4136e-06,0,-0.0044081
27,-0.0039183,70,71,3.5413e-12,2.2351e-08,-2.3816e-06,9.6296e-35,-7.9509e-20,-1.6753e-11,-1.9516e-08,2.2474e-06,-3.0815e-33,-0.0039183
27,-0.0034285,66,66,-1.2644e-11,2.552e-08,-2.4163e-06,0,1.3006e-18,-1.2644e-11,-2.2182e-08,2.3062e-06,0,-0.0034285
27,-0.0029387,61,62,-1.2633e-11,2.7435e-08,-2.4163e-06,0,-4.0276e-19,3.1952e-11,-2.8623e-08,2.4163e-06,-6.7763e-21,-0.0029387
27,-0.0024489,56,56,-2.3462e-11,3.0517e-08,-2.4163e-06,0,-5.1013e-19,-2.3462e-11,-2.5262e-08,2.2692e-06,0,-0.0024489
27,-0.0019591,50,51,-2.6133e-11,3.396e-08,-2.4163e-06,0,-4.2775e-20,-6.0216e-11,-2.3396e-08,2.1031e-06,4.2352e-22,-0.0019591
27,-0.0014694,43,43,1.7454e-11,3.5461e-08,-2.3518e-06,0,-1.5254e-20,-1.7454e-11,-3.5461e-08,2.3518e-06,-4.4081e-36,-0.0014694
27,-0.00097957,35,35,1.4165e-11,4.4703e-08,-2.3816e-06,0,9.283e-21,-1.4165e-11,-4.4703e-08,2.3816e-06,0,-0.00097957
27,-0.00048979,25,25,1.0453e-10,5.7466e-08,-2.2856e-06,0,1.6078e-20,1.0453e-10,-6.7919e-08,2.4163e-06,0,-0.00048979
28,0.0045543,81,81,-1.0288e-12,-1.6973e-08,2.0757e-06,-4.3791e-47,0,-1.0288e-12,1.7306e-08,-2.0892e-06,-1.9193e-35,0.0045543
28,0.0040988,77,77,-2.5662e-12,-1.7561e-08,2.0587e-06,1.0588e-22,1.9866e-20,-2.5662e-12,1.8352e-08,-2.0892e-06,-1.5882e-22,0.0040988
28,0.0036434,73,73,-7.1477e-12,-1.7688e-08,2.013e-06,-3.1764e-22,-4.789e-20,-7.1477e-12,1.9775e-08,-2.0892e-06,-1.0588e-22,0.0036434
28,0.003188,68,68,4.5083e-12,-2.0891e-08,2.0892e-06,0,-6.7974e-19,-4.5083e-12,2.0891e-08,-2.0892e-06,0,0.003188
28,0.0027326,63,63,5.9838e-12,-2.261e-08,2.0892e-06,0,-1.3658e-18,-5.9838e-12,2.261e-08,-2.0892e-06,1.0588e-22,0.0027326
28,0.0022771,58,58,1.7372e-11,-2.5357e-08,2.0892e-06,0,-3.4262e-19,-1.7372e-11,2.5357e-08,-2.0892e-06,0,0.0022771
28,0.0018217,52,52,2.5167e-11,-2.8529e-08,2.0892e-06,0,-5.5608e-19,2.5167e-11,2.3294e-08,-1.9531e-06,0,0.0018217
28,0.0013663,45,45,3.2127e-11,-3.2878e-08,2.0892e-06,0,-8.8091e-20,-3.2127e-11,3.2878e-08,-2.0892e-06,0,0.0013663
28,0.00091085,37,37,6.8043e-11,-4.1e-08,2.0892e-06,0,-2.4352e-19,6.8043e-11,3.0929e-08,-1.9029e-06,0,0.00091085
28,0.00045543,26,26,-1.0067e-10,-4.6589e-08,1.9531e-06,0,9.4949e-21,1.0067e-10,4.6589e-08,-1.9531e-06,0,0.00045543
28,-0.0045543,81,81,1.0288e-12,1.6973e-08,-2.0757e-06,-5.0405e-35,3.0032e-33,-1.0288e-12,-1.6973e-08,2.0757e-06,-2.6096e-36,-0.0045543
28,-0.0040988,77,77,-2.5662e-12,1.8352e-08,-2.0892e-06,0,-9.9146e-21,-2.5662e-12,-1.7561e-08,2.0587e-06,-5.294e-23,-0.0040988
28,-0.0036434,73,73,-7.1477e-12,1.9775e-08,-2.0892e-06,0,6.3549e-19,-7.1477e-12,-1.7688e-08,2.013e-06,0,-0.0036434
28,-0.003188,68,68,4.5083e-12,1.9665e-08,-2.0475e-06,0,-1.6139e-20,-4.5083e-12,-1.9665e-08,2.0475e-06,0,-0.003188
28,-0.0027326,63,63,-5.9838e-12,2.261e-08,-2.0892e-06,0,1.3658e-18,-5.9838e-12,-2.1102e-08,2.0417e-06,-1.0588e-22,-0.0027326
28,-0.0022771,58,58,-1.7372e-11,2.5357e-08,-2.0892e-06,0,3.4262e-19,-1.7372e-11,-2.1327e-08,1.9723e-06,0,-0.0022771
28,-0.0018217,52,52,-2.5167e-11,2.8529e-08,-2.0892e-06,0,5.5608e-19,-2.5167e-11,-2.3294e-08,1.9531e-06,0,-0.0018217
28,-0.0013663,45,45,-3.2127e-11,3.2878e-08,-2.0892e-06,0,8.8091e-20,-3.2127e-11,-2.7095e-08,1.9591e-06,-6.7763e-21,-0.0013663
28,-0.00091085,37,37,-6.8043e-11,4.1e-08,-2.0892e-06,0,2.4352e-19,-6.8043e-11,-3.0929e-08,1.9029e-06,0,-0.00091085
28,-0.00045543,26,26,1.0067e-10,4.6589e-08,-1.9531e-06,0,-9.4949e-21,-1.0067e-10,-4.6589e-08,1.9531e-06,0,-0.00045543
29,0.0042456,84,84,-1.4852e-12,-1.4077e-08,1.7946e-06,-9.7382e-37,1.9542e-34,-1.4852e-12,1.4576e-08,-1.8156e-06,5.8775e-39,0.0042456
29,0.003821,80,80,-3.8233e-12,-1.4314e-08,1.7666e-06,-1.0588e-22,-6.1827e-20,3.8233e-12,1.4314e-08,-1.7666e-06,-1.6941e-21,0.003821
29,0.0033965,75,75,7.3349e-13,-1.6212e-08,1.8156e-06,0,-2.2029e-18,-7.3349e-13,1.6212e-08,-1.8156e-06,0,0.0033965
29,0.0029719,71,71,-9.3102e-12,-1.5285e-08,1.7217e-06,-2.1176e-22,-4.0512e-20,9.3102e-12,1.5285e-08,-1.7217e-06,0,0.0029719
29,0.0025474,65,65,1.6108e-12,-1.8761e-08,1.8156e-06,0,5.2897e-19,1.6108e-12,1.8342e-08,-1.802e-06,0,0.0025474
29,0.0021228,60,60,1.2939e-11,-2.1208e-08,1.8156e-06,0,-2.0117e-19,-1.2939e-11,2.1208e-08,-1.8156e-06,0,0.0021228
29,0.0016982,53,53,6.653e-13,-2.2885e-08,1.8156e-06,0,3.6041e-19,6.653e-13,2.2743e-08,-1.8118e-06,0,0.0016982
29,0.0012737,46,46,4.6301e-12,-2.6597e-08,1.8156e-06,0,5.3151e-20,-4.6301e-12,2.6597e-08,-1.8156e-06,0,0.0012737
29,0.00084912,38,38,3.5652e-11,-3.3659e-08,1.8156e-06,0,7.8774e-20,-3.5652e-11,3.3659e-08,-1.8156e-06,0,0.00084912
29,0.00042456,27,27,9.3856e-11,-4.8208e-08,1.8156e-06,0,-6.6704e-20,9.3856e-11,3.8071e-08,-1.6787e-06,0,0.00042456
29,-0.0042456,84,84,1.4852e-12,1.4077e-08,-1.7946e-06,9.7382e-37,-1.9542e-34,-1.4852e-12,-1.4077e-08,1.7946e-06,-5.294e-23,-0.0042456
29,-0.003821,80,80,3.8233e-12,1.4314e-08,-1.7666e-06,-7.7037e-34,-1.389e-19,-3.8233e-12,-1.4314e-08,1.7666e-06,1.6941e-21,-0.003821
29,-0.0033965,75,75,-7.3349e-13,1.6212e-08,-1.8156e-06,0,2.2029e-18,-7.3349e-13,-1.5992e-08,1.8073e-06,0,-0.0033965
29,-0.0029719,71,71,-9.3102e-12,1.7929e-08,-1.8156e-06,-2.1176e-22,-1.6067e-20,-9.3102e-12,-1.5285e-08,1.7217e-06,0,-0.0029719
29,-0.0025474,65,65,1.6108e-12,1.8342e-08,-1.802e-06,0,-1.5878e-21,-1.6108e-12,-1.8342e-08,1.802e-06,0,-0.0025474
29,-0.0021228,60,60,-1.2939e-11,2.1208e-08,-1.8156e-06,0,2.0117e-19,-1.2939e-11,-1.8103e-08,1.7224e-06,0,-0.0021228
29,-0.0016982,53,53,6.653e-13,2.2743e-08,-1.8118e-06,0,5.9081e-20,-6.653e-13,-2.2743e-08,1.8118e-06,0,-0.0016982
29,-0.0012737,46,47,-4.6301e-12,2.6597e-08,-1.8156e-06,0,-5.3151e-20,-3.8851e-11,-2.0884e-08,1.6439e-06,0,-0.0012737
29,-0.00084912,38,38,-3.5652e-11,3.3659e-08,-1.8156e-06,0,-7.8774e-20,-3.5652e-11,-2.824e-08,1.7126e-06,0,-0.00084912
29,-0.00042456,27,27,-9.3856e-11,4.8208e-08,-1.8156e-06,0,6.6704e-20,-9.3856e-11,-3.8071e-08,1.6787e-06,0,-0.00042456
30,0.0039673,87,87,-1.7039e-12,-1.1753e-08,1.5595e-06,3.9329e-32,6.6204e-34,-1.7039e-12,1.2346e-08,-1.5853e-06,7.3468e-40,0.0039673
30,0.0035705,83,83,4.4201e-12,-1.3223e-08,1.5853e-06,-6.7763e-21,-9.8044e-20,4.4201e-12,1.1755e-08,-1.5244e-06,-1.6941e-21,0.0035705
30,0.0031738,78,78,-3.3433e-12,-1.2855e-08,1.5447e-06,0,-8.6293e-20,3.3433e-12,1.2855e-08,-1.5447e-06,0,0.0031738
30,0.0027771,73,73,4.12e-12,-1.4879e-08,1.5853e-06,0,-4.845e-19,-4.12e-12,1.4879e-08,-1.5853e-06,3.1764e-22,0.0027771
30,0.0023804,68,68,8.8638e-12,-1.6346e-08,1.5853e-06,0,-5.0737e-19,-8.8638e-12,1.6346e-08,-1.5853e-06,0,0.0023804
30,0.0019836,62,62,-9.6869e-12,-1.5445e-08,1.5109e-06,0,-3.9252e-18,9.6869e-12,1.5445e-08,-1.5109e-06,0,0.0019836
30,0.0015869,55,55,-3.8167e-12,-1.8656e-08,1.5622e-06,0,-1.2045e-21,3.8167e-12,1.8656e-08,-1.5622e-06,0,0.0015869
30,0.0011902,49,49,-4.0913e-11,-1.6223e-08,1.3889e-06,0,-6.5196e-20,-4.0913e-11,2.4242e-08,-1.5853e-06,0,0.0011902
30,0.00079346,39,40,1.3373e-11,-2.7795e-08,1.5853e-06,0,8.4492e-20,6.1008e-11,1.9915e-08,-1.3901e-06,0,0.00079346
30,0.00039673,28,28,8.5779e-11,-4.0949e-08,1.5853e-06,0,-1.5247e-19,-8.5779e-11,4.0949e-08,-1.5853e-06,0,0.00039673
30,-0.0039673,87,87,-1.7039e-12,1.2346e-08,-1.5853e-06,2.0444e-32,6.0715e-34,-1.7039e-12,-1.1753e-08,1.5595e-06,0,-0.0039673
30,-0.0035705,83,83,-4.4201e-12,1.3223e-08,-1.5853e-06,6.7763e-21,-9.8256e-20,-4.4201e-12,-1.1755e-08,1.5244e-06,1.6941e-21,-0.0035705
30,-0.0031738,78,78,-3.3433e-12,1.3898e-08,-1.5853e-06,0,1.1263e-20,-3.3433e-12,-1.2855e-08,1.5447e-06,8.4703e-22,-0.0031738
30,-0.0027771,73,73,-4.12e-12,1.4879e-08,-1.5853e-06,0,4.845e-19,-4.12e-12,-1.3676e-08,1.5414e-06,4.4485e-34,-0.0027771
30,-0.0023804,68,68,-8.8638e-12,1.6346e-08,-1.5853e-06,0,5.0737e-19,8.8638e-12,-1.6346e-08,1.5853e-06,-1.3553e-20,-0.0023804
30,-0.0019836,62,62,-9.6869e-12,1.7847e-08,-1.5853e-06,0,1.7661e-19,-9.6869e-12,-1.5445e-08,1.5109e-06,1.0588e-22,-0.0019836
30,-0.0015869,55,55,-3.8167e-12,1.9496e-08,-1.5853e-06,0,-5.8699e-19,-3.8167e-12,-1.8656e-08,1.5622e-06,0,-0.0015869
30,-0.0011902,48,48,-1.5462e-11,2.3008e-08,-1.5853e-06,0,1.7512e-19,-1.5462e-11,-2.004e-08,1.5141e-06,0,-0.0011902
30,-0.00079346,39,39,-1.3373e-11,2.7795e-08,-1.5853e-06,0,-8.4492e-20,-1.3373e-11,-2.5709e-08,1.5447e-06,0,-0.00079346
30,-0.00039673,28,28,-8.5779e-11,4.0949e-08,-1.5853e-06,0,1.5247e-19,-8.5779e-11,-3.1341e-08,1.4508e-06,0,-0.00039673
31,0.0037155,90,90,-1.7747e-12,-9.8738e-09,1.3617e-06,2.6331e-36,1.0532e-34,-1.7747e-12,1.0513e-08,-1.3905e-06,-6.042e-35,0.0037155
31,0.0033439,85,85,-2.7608e-13,-1.0843e-08,1.3865e-06,0,5.5829e-21,2.7608e-13,1.0843e-08,-1.3865e-06,0,0.0033439
31,0.0029724,81,81,4.7803e-12,-1.196e-08,1.3905e-06,0,-2.3345e-18,-4.7803e-12,1.196e-08,-1.3905e-06,0,0.0029724
31,0.0026008,75,75,5.984e-13,-1.242e-08,1.3905e-06,0,-1.6869e-18,5.984e-13,1.224e-08,-1.3837e-06,0,0.0026008
31,0.0022293,70,70,5.2262e-12,-1.373e-08,1.3905e-06,0,-7.221e-20,-5.2262e-12,1.373e-08,-1.3905e-06,0,0.0022293
31,0.0018577,64,64,7.2825e-12,-1.5105e-08,1.3905e-06,0,-5.6529e-19,7.2825e-12,1.3241e-08,-1.3308e-06,0,0.0018577
31,0.0014862,57,57,-5.5976e-12,-1.5412e-08,1.3541e-06,0,2.7094e-20,-5.5976e-12,1.6688e-08,-1.3905e-06,3.3881e-21,0.0014862
31,0.0011146,50,50,2.1162e-11,-1.995e-08,1.3905e-06,0,2.4246e-20,-2.1162e-11,1.995e-08,-1.3905e-06,0,0.0011146
31,0.00074309,41,41,3.8257e-11,-2.4701e-08,1.3905e-06,0,-7.6127e-20,-3.8257e-11,2.4701e-08,-1.3905e-06,0,0.00074309
31,0.00037155,29,29,-7.7406e-11,-2.5979e-08,1.2603e-06,0,-2.0228e-20,7.7406e-11,2.5979e-08,-1.2603e-06,0,0.00037155
31,-0.0037155,90,90,1.7747e-12,9.8738e-09,-1.3617e-06,9.9432e-33,1.0502e-33,-1.7747e-12,-9.8738e-09,1.3617e-06,4.796e-36,-0.0037155
31,-0.0033439,85,86,-2.7608e-13,1.0937e-08,-1.3905e-06,0,-8.0362e-20,-4.6102e-12,-9.7215e-09,1.3223e-06,0,-0.0033439
31,-0.0029724,81,81,-4.7803e-12,1.196e-08,-1.3905e-06,0,2.3345e-18,-4.7803e-12,-1.0412e-08,1.3277e-06,-8.4703e-22,-0.0029724
31,-0.0026008,75,75,-5.984e-13,1.242e-08,-1.3905e-06,0,1.6869e-18,-5.984e-13,-1.224e-08,1.3837e-06,0,-0.0026008
31,-0.0022293,70,70,-5.2262e-12,1.373e-08,-1.3905e-06,0,7.221e-20,-5.2262e-12,-1.2267e-08,1.3393e-06,1.0588e-22,-0.0022293
31,-0.0018577,64,64,7.2825e-12,1.3241e-08,-1.3308e-06,0,-3.6853e-20,-7.2825e-12,-1.3241e-08,1.3308e-06,0,-0.0018577
31,-0.0014862,57,57,-5.5976e-12,1.6688e-08,-1.3905e-06,0,7.0611e-19,-5.5976e-12,-1.5412e-08,1.3541e-06,0,-0.0014862
31,-0.0011146,50,50,-2.1162e-11,1.995e-08,-1.3905e-06,0,-2.4246e-20,-2.1162e-11,-1.5718e-08,1.2847e-06,0,-0.0011146
31,-0.00074309,41,41,-3.8257e-11,2.4701e-08,-1.3905e-06,0,7.6127e-20,3.8257e-11,-2.4701e-08,1.3905e-06,0,-0.00074309
31,-0.00037155,29,29,-7.7406e-11,3.4958e-08,-1.3905e-06,0,-1.117e-19,-7.7406e-11,-2.5979e-08,1.2603e-06,0,-0.00037155
32,0.0034869,93,93,1.7553e-12,-8.9964e-09,1.2246e-06,-1.5407e-32,1.6659e-32,-1.7553e-12,8.9964e-09,-1.2246e-06,3.1031e-36,0.0034869
32,0.0031382,88,88,-1.1517e-12,-9.0073e-09,1.2068e-06,0,-6.9161e-21,1.1517e-12,9.0073e-09,-1.2068e-06,-8.4703e-22,0.0031382
32,0.0027895,83,83,-1.4341e-12,-9.519e-09,1.2049e-06,0,2.128e-20,-1.4341e-12,9.9952e-09,-1.2246e-06,0,0.0027895
32,0.0024408,78,78,-3.4657e-12,-9.7461e-09,1.1825e-06,0,-4.0527e-20,-3.4657e-12,1.0827e-08,-1.2246e-06,6.7763e-21,0.0024408
32,0.0020921,72,72,2.6855e-12,-1.1597e-08,1.2246e-06,0,-1.1136e-18,-2.6855e-12,1.1597e-08,-1.2246e-06,0,0.0020921
32,0.0017434,66,66,5.493e-12,-1.2853e-08,1.2246e-06,0,-6.6143e-19,-5.493e-12,1.2853e-08,-1.2246e-06,0,0.0017434
32,0.0013947,59,59,6.4972e-12,-1.4349e-08,1.2246e-06,0,3.908e-19,-6.4972e-12,1.4349e-08,-1.2246e-06,0,0.0013947
32,0.0010461,51,51,-6.9631e-12,-1.5061e-08,1.1884e-06,0,-1.6751e-21,-6.9631e-12,1.6482e-08,-1.2246e-06,3.3881e-21,0.0010461
32,0.00069737,42,42,2.1899e-11,-2.0665e-08,1.2246e-06,0,-2.7762e-19,-2.1899e-11,2.0665e-08,-1.2246e-06,0,0.00069737
32,0.00034869,30,30,6.9278e-11,-2.9985e-08,1.2246e-06,0,-1.1297e-19,-6.9278e-11,2.9985e-08,-1.2246e-06,0,0.00034869
32,-0.0034869,93,93,-1.7553e-12,8.9964e-09,-1.2246e-06,6.7763e-21,-1.1647e-19,-1.7553e-12,-8.3435e-09,1.1943e-06,3.289e-35,-0.0034869
32,-0.0031382,88,88,-1.1517e-12,9.4127e-09,-1.2246e-06,5.294e-23,2.6991e-21,-1.1517e-12,-9.0073e-09,1.2068e-06,1.6941e-21,-0.0031382
32,-0.0027895,83,83,1.4341e-12,9.519e-09,-1.2049e-06,0,-2.128e-20,1.4341e-12,-9.9952e-09,1.2246e-06,0,-0.0027895
32,-0.0024408,78,78,-3.4657e-12,1.0827e-08,-1.2246e-06,0,4.8831e-19,-3.4657e-12,-9.7461e-09,1.1825e-06,0,-0.0024408
32,-0.0020921,72,72,-2.6855e-12,1.1597e-08,-1.2246e-06,0,1.1136e-18,2.6855e-12,-1.1597e-08,1.2246e-06,3.3881e-21,-0.0020921
32,-0.0017434,66,66,-5.493e-12,1.2853e-08,-1.2246e-06,0,6.6143e-19,-5.493e-12,-1.1403e-08,1.1768e-06,1.0588e-22,-0.0017434
32,-0.0013947,59,59,-6.4972e-12,1.4349e-08,-1.2246e-06,6.7763e-21,1.6845e-19,6.4972e-12,-1.4349e-08,1.2246e-06,-6.7763e-21,-0.0013947
32,-0.0010461,51,51,-6.9631e-12,1.6482e-08,-1.2246e-06,3.3881e-21,-3.1584e-19,-6.9631e-12,-1.5061e-08,1.1884e-06,0,-0.0010461
32,-0.00069737,42,42,-2.1899e-11,2.0665e-08,-1.2246e-06,0,2.7762e-19,-2.1899e-11,-1.6986e-08,1.1474e-06,1.0588e-22,-0.00069737
32,-0.00034869,30,30,-6.9278e-11,2.9985e-08,-1.2246e-06,0,1.1297e-19,-6.9278e-11,-2.1672e-08,1.0999e-06,0,-0.00034869
33,0.0032787,96,96,1.683e-12,-7.7349e-09,1.0828e-06,2.4447e-36,-1.6915e-34,-1.683e-12,7.7349e-09,-1.0828e-06,-7.3468e-40,0.0032787
33,0.0029509,91,91,-1.6645e-12,-7.5287e-09,1.0552e-06,-1.5882e-22,8.4075e-20,1.6645e-12,7.5287e-09,-1.0552e-06,0,0.0029509
33,0.002623,86,86,2.5499e-12,-8.6863e-09,1.0828e-06,0,-3.0716e-19,-2.5499e-12,8.6863e-09,-1.0828e-06,1.0588e-22,0.002623
33,0.0022951,80,80,1.0894e-12,-9.1396e-09,1.0828e-06,0,2.5665e-19,-1.0894e-12,9.1396e-09,-1.0828e-06,0,0.0022951
33,0.0019672,74,74,9.2475e-13,-9.8463e-09,1.0828e-06,-6.7763e-21,6.4036e-19,9.2475e-13,9.5726e-09,-1.0727e-06,0,0.0019672
33,0.0016394,68,68,4.1531e-12,-1.0992e-08,1.0828e-06,0,-3.494e-19,-4.1531e-12,1.0992e-08,-1.0828e-06,0,0.0016394
33,0.0013115,62,61,1.5419e-11,-1.2918e-08,1.0828e-06,0,-1.1668e-19,-6.8356e-12,1.239e-08,-1.0828e-06,0,0.0013115
33,0.00098362,53,53,1.1501e-11,-1.4433e-08,1.0828e-06,0,2.0858e-19,-1.1501e-11,1.4433e-08,-1.0828e-06,0,0.00098362
33,0.00065575,43,43,-1.0199e-11,-1.5618e-08,1.0451e-06,0,8.9139e-21,1.0199e-11,1.5618e-08,-1.0451e-06,0,0.00065575
33,0.00032787,31,31,6.1674e-11,-2.5835e-08,1.0828e-06,0,-7.7821e-20,-6.1674e-11,2.5835e-08,-1.0828e-06,0,0.00032787
33,-0.0032787,96,96,-1.683e-12,7.7349e-09,-1.0828e-06,1.3553e-20,-3.0546e-19,-1.683e-12,-7.0887e-09,1.0518e-06,-3.7334e-35,-0.0032787
33,-0.0029509,91,91,-1.6645e-12,8.1346e-09,-1.0828e-06,5.294e-23,-4.0797e-21,-1.6645e-12,-7.5287e-09,1.0552e-06,0,-0.0029509
33,-0.002623,86,86,-2.5499e-12,8.6863e-09,-1.0828e-06,0,3.0716e-19,-2.5499e-12,-7.8091e-09,1.0451e-06,-1.0588e-22,-0.002623
33,-0.0022951,80,80,-1.0894e-12,9.1396e-09,-1.0828e-06,-7.9409e-23,3.7943e-21,1.0894e-12,-9.1396e-09,1.0828e-06,0,-0.0022951
33,-0.0019672,74,75,9.2475e-13,9.5726e-09,-1.0727e-06,0,-2.0178e-20,5.9755e-12,-1.0223e-08,1.0828e-06,-3.3881e-21,-0.0019672
33,-0.0016394,68,68,4.1531e-12,9.8627e-09,-1.0444e-06,0,-1.4867e-20,4.1531e-12,-1.0992e-08,1.0828e-06,-6.7763e-21,-0.0016394
33,-0.0013115,61,61,6.8356e-12,1.0722e-08,-1.0319e-06,0,-4.3834e-20,-6.8356e-12,-1.0722e-08,1.0319e-06,0,-0.0013115
33,-0.00098362,53,53,-1.1501e-11,1.4433e-08,-1.0828e-06,0,-2.0858e-19,-1.1501e-11,-1.1995e-08,1.0182e-06,0,-0.00098362
33,-0.00065575,44,43,-3.4437e-11,1.8427e-08,-1.0828e-06,0,2.0604e-19,-1.0199e-11,-1.5618e-08,1.0451e-06,0,-0.00065575
33,-0.00032787,31,32,6.1674e-11,1.8188e-08,-9.6427e-07,0,-3.7637e-20,1.1938e-10,-2.7652e-08,1.0828e-06,0,-0.00032787
34,0.0030887,99,99,-1.5818e-12,-6.0533e-09,9.2992e-07,-2.5411e-21,9.7409e-21,-1.5818e-12,6.6797e-09,-9.6093e-07,-1.8367e-39,0.0030887
34,0.0027798,94,94,1.9375e-12,-7.0579e-09,9.6093e-07,-6.7763e-21,-8.4703e-20,1.9375e-12,6.3295e-09,-9.2669e-07,-8.4703e-22,0.0027798
34,0.002471,88,88,4.7596e-13,-7.3356e-09,9.6093e-07,0,2.3643e-19,-4.7596e-13,7.3356e-09,-9.6093e-07,-1.3235e-23,0.002471
34,0.0021621,83,83,2.8143e-12,-8.0298e-09,9.6093e-07,0,-3.1044e-19,-2.8143e-12,8.0298e-09,-9.6093e-07,0,0.0021621
34,0.0018532,77,77,-3.9166e-12,-7.5155e-09,9.1449e-07,0,8.1897e-19,-3.9166e-12,8.7218e-09,-9.6093e-07,0,0.0018532
34,0.0015444,70,70,3.1443e-12,-9.4452e-09,9.6093e-07,0,-4.9975e-20,-3.1443e-12,9.4452e-09,-9.6093e-07,3.3881e-21,0.0015444
34,0.0012355,63,63,6.823e-12,-1.0742e-08,9.6093e-07,0,-6.1749e-19,-6.823e-12,1.0742e-08,-9.6093e-07,0,0.0012355
34,0.00092661,54,54,2.6149e-12,-1.2052e-08,9.6093e-07,0,-2.3368e-19,-2.6149e-12,1.2052e-08,-9.6093e-07,0,0.00092661
34,0.00061774,44,44,1.9038e-12,-1.4671e-08,9.6093e-07,0,-1.9418e-19,-1.9038e-12,1.4671e-08,-9.6093e-07,0,0.00061774
34,0.00030887,32,32,5.4722e-11,-2.2354e-08,9.6093e-07,0,1.1594e-19,5.4722e-11,1.535e-08,-8.4886e-07,0,0.00030887
34,-0.0030887,99,99,1.5818e-12,6.0533e-09,-9.2992e-07,3.5618e-32,9.8652e-34,-1.5818e-12,-6.0533e-09,9.2992e-07,0,-0.0030887
34,-0.0027798,94,94,-1.9375e-12,7.0579e-09,-9.6093e-07,6.7763e-21,-8.4597e-20,-1.9375e-12,-6.3295e-09,9.2669e-07,8.4703e-22,-0.0027798
34,-0.002471,88,88,-4.7596e-13,7.3356e-09,-9.6093e-07,0,-2.3643e-19,4.7596e-13,-7.3356e-09,9.6093e-07,-6.7763e-21,-0.002471
34,-0.0021621,83,83,-2.8143e-12,8.0298e-09,-9.6093e-07,0,3.1044e-19,2.8143e-12,-8.0298e-09,9.6093e-07,-3.3881e-21,-0.0021621
34,-0.0018532,77,77,3.9166e-12,7.5155e-09,-9.1449e-07,0,-2.1109e-20,-3.9166e-12,-7.5155e-09,9.1449e-07,0,-0.0018532
34,-0.0015444,70,70,3.1443e-12,8.5648e-09,-9.3012e-07,0,-7.0596e-20,3.1443e-12,-9.4452e-09,9.6093e-07,-3.3881e-21,-0.0015444
34,-0.0012355,63,63,-6.823e-12,1.0742e-08,-9.6093e-07,0,6.1749e-19,6.823e-12,-1.0742e-08,9.6093e-07,3.3881e-21,-0.0012355
34,-0.00092661,54,55,2.6149e-12,1.1487e-08,-9.4568e-07,0,1.9437e-22,-1.3876e-11,-9.6125e-09,8.7698e-07,0,-0.00092661
34,-0.00061774,44,44,-1.9038e-12,1.4671e-08,-9.6093e-07,0,1.9418e-19,1.9038e-12,-1.4671e-08,9.6093e-07,0,-0.00061774
34,-0.00030887,32,32,-5.4722e-11,2.2354e-08,-9.6093e-07,0,-1.1594e-19,-5.4722e-11,-1.535e-08,8.4886e-07,0,-0.00030887
35,0.0029147,102,102,-1.467e-12,-5.194e-09,8.252e-07,1.2502e-31,4.8329e-33,-1.467e-12,5.7925e-09,-8.5573e-07,8.5829e-37,0.0029147
35,0.0026233,96,96,-1.955e-13,-5.8925e-09,8.5212e-07,6.0185e-35,8.7696e-21,-1.955e-13,5.9676e-09,-8.5573e-07,0,0.0026233
35,0.0023318,91,91,-1.3258e-12,-5.9473e-09,8.3377e-07,-1.0588e-22,6.6969e-20,1.3258e-12,5.9473e-09,-8.3377e-07,0,0.0023318
35,0.0020403,85,85,-1.1818e-12,-6.4437e-09,8.3865e-07,-5.294e-23,-7.1849e-21,-1.1818e-12,6.8455e-09,-8.5573e-07,0,0.0020403
35,0.0017488,79,79,-2.4153e-12,-6.7125e-09,8.2558e-07,-1.9259e-34,-4.201e-20,2.4153e-12,6.7125e-09,-8.2558e-07,0,0.0017488
35,0.0014574,72,72,2.3812e-12,-8.152e-09,8.5573e-07,0,-7.7578e-19,-2.3812e-12,8.152e-09,-8.5573e-07,0,0.0014574
35,0.0011659,64,64,4.3988e-13,-8.9514e-09,8.5573e-07,0,-3.5491e-19,-4.3988e-13,8.9514e-09,-8.5573e-07,0,0.0011659
35,0.00087442,56,56,-6.1316e-12,-9.2716e-09,8.1727e-07,0,1.1117e-18,-6.1316e-12,1.0645e-08,-8.5573e-07,0,0.00087442
35,0.00058295,46,46,1.382e-11,-1.3249e-08,8.5573e-07,0,2.4458e-20,1.382e-11,1.0707e-08,-7.9724e-07,0,0.00058295
35,0.00029147,32,32,1.7595e-12,-1.7903e-08,8.5573e-07,0,1.0927e-19,-1.7595e-12,1.7903e-08,-8.5573e-07,0,0.00029147
35,-0.0029147,102,102,1.467e-12,5.194e-09,-8.252e-07,-1.2502e-31,-4.8329e-33,-1.467e-12,-5.194e-09,8.252e-07,1.3584e-34,-0.0029147
35,-0.0026233,96,97,1.955e-13,5.8925e-09,-8.5212e-07,-6.0185e-35,-8.7696e-21,-2.0531e-12,-5.3502e-09,8.1709e-07,3.1764e-22,-0.0026233
35,-0.0023318,91,91,1.3258e-12,5.9473e-09,-8.3377e-07,0,2.6483e-20,-1.3258e-12,-5.9473e-09,8.3377e-07,-5.294e-23,-0.0023318
35,-0.0020403,85,85,1.1818e-12,6.4437e-09,-8.3865e-07,9.7536e-35,-2.3898e-20,-1.1818e-12,-6.4437e-09,8.3865e-07,0,-0.0020403
35,-0.0017488,79,79,2.4153e-12,6.7125e-09,-8.2558e-07,1.5407e-33,-1.2589e-18,-2.4153e-12,-6.7125e-09,8.2558e-07,1.0588e-22,-0.0017488
35,-0.0014574,72,72,-2.3812e-12,8.152e-09,-8.5573e-07,0,7.7578e-19,2.3812e-12,-8.152e-09,8.5573e-07,3.3881e-21,-0.0014574
35,-0.0011659,64,64,-4.3988e-13,8.9514e-09,-8.5573e-07,0,3.5491e-19,-4.3988e-13,-8.8388e-09,8.5212e-07,0,-0.0011659
35,-0.00087442,56,56,-6.1316e-12,1.0645e-08,-8.5573e-07,0,-1.8222e-19,-6.1316e-12,-9.2716e-09,8.1727e-07,0,-0.00087442
35,-0.00058295,46,46,1.382e-11,1.0707e-08,-7.9724e-07,0,-1.9951e-20,-1.382e-11,-1.0707e-08,7.9724e-07,-5.294e-23,-0.00058295
35,-0.00029147,32,32,-1.7595e-12,1.7903e-08,-8.5573e-07,0,-1.0927e-19,1.7595e-12,-1.7903e-08,8.5573e-07,0,-0.00029147
36,0.0027551,104,104,-3.4689e-14,-4.8912e-09,7.6379e-07,2.0743e-36,1.9497e-34,-3.4689e-14,4.9057e-09,-7.6454e-07,3.2693e-36,0.0027551
36,0.0024795,100,99,-2.0671e-12,-4.5457e-09,7.2319e-07,2.1176e-22,-2.9424e-20,-5.6809e-13,5.2234e-09,-7.6454e-07,0,0.0024795
36,0.002204,93,93,4.5625e-15,-5.4811e-09,7.6454e-07,0,1.3605e-19,-4.5625e-15,5.4811e-09,-7.6454e-07,4.1359e-25,0.002204
36,0.0019285,87,87,2.0226e-14,-5.8609e-09,7.6454e-07,0,-6.1346e-19,-2.0226e-14,5.8609e-09,-7.6454e-07,0,0.0019285
36,0.001653,81,81,1.3247e-12,-6.4355e-09,7.6454e-07,0,-1.2984e-18,-1.3247e-12,6.4355e-09,-7.6454e-07,0,0.001653
36,0.0013775,74,74,1.8014e-12,-7.0654e-09,7.6454e-07,0,-2.1515e-19,-1.8014e-12,7.0654e-09,-7.6454e-07,0,0.0013775
36,0.001102,66,66,1.2782e-12,-7.8351e-09,7.6454e-07,0,-4.1812e-19,-1.2782e-12,7.8351e-09,-7.6454e-07,0,0.001102
36,0.00082652,57,57,4.1952e-13,-8.9738e-09,7.6454e-07,0,-3.9271e-19,-4.1952e-13,8.9738e-09,-7.6454e-07,0,0.00082652
36,0.00055101,47,47,7.3422e-12,-1.1305e-08,7.6454e-07,0,7.4221e-20,7.3422e-12,9.9243e-09,-7.321e-07,0,0.00055101
36,0.00027551,33,33,5.1128e-12,-1.567e-08,7.6454e-07,0,-2.4246e-20,-5.1128e-12,1.567e-08,-7.6454e-07,0,0.00027551
36,-0.0027551,104,104,-3.4689e-14,4.9057e-09,-7.6454e-07,0,-5.6889e-19,-3.4689e-14,-4.8912e-09,7.6379e-07,0,-0.0027551
36,-0.0024795,99,99,-5.6809e-13,5.2234e-09,-7.6454e-07,-5.294e-23,-2.5018e-21,-5.6809e-13,-4.9984e-09,7.534e-07,0,-0.0024795
36,-0.002204,93,93,4.5625e-15,5.4794e-09,-7.6446e-07,0,7.0267e-23,4.5625e-15,-5.4811e-09,7.6454e-07,-3.3881e-21,-0.002204
36,-0.0019285,87,87,-2.0226e-14,5.8609e-09,-7.6454e-07,0,6.1346e-19,-2.0226e-14,-5.8538e-09,7.6423e-07,0,-0.0019285
36,-0.001653,81,82,-1.3247e-12,6.4355e-09,-7.6454e-07,0,1.2984e-18,4.0175e-12,-6.655e-09,7.6454e-07,-3.3881e-21,-0.001653
36,-0.0013775,74,74,1.8014e-12,6.5322e-09,-7.4481e-07,-1.2797e-33,-3.6111e-35,-1.8014e-12,-6.5322e-09,7.4481e-07,0,-0.0013775
36,-0.001102,66,66,-1.2782e-12,7.8351e-09,-7.6454e-07,0,4.1812e-19,-1.2782e-12,-7.4976e-09,7.534e-07,0,-0.001102
36,-0.00082652,57,57,-4.1952e-13,8.9738e-09,-7.6454e-07,0,3.9271e-19,4.1952e-13,-8.9738e-09,7.6454e-07,-5.0822e-21,-0.00082652
36,-0.00055101,47,47,7.3422e-12,9.9243e-09,-7.321e-07,0,1.321e-20,-7.3422e-12,-9.9243e-09,7.321e-07,0,-0.00055101
36,-0.00027551,33,33,-5.1128e-12,1.567e-08,-7.6454e-07,0,2.4246e-20,-5.1128e-12,-1.4995e-08,7.534e-07,0,-0.00027551
37,0.0026081,107,107,-1.5353e-13,-4.2252e-09,6.8166e-07,3.4412e-32,6.2818e-34,-1.5353e-13,4.2909e-09,-6.8517e-07,0,0.0026081
37,0.0023473,102,102,-7.997e-13,-4.2607e-09,6.6853e-07,1.0588e-22,-1.7726e-20,7.997e-13,4.2607e-09,-6.6853e-07,-1.6941e-21,0.0023473
37,0.0020865,96,96,-6.4777e-13,-4.5923e-09,6.7323e-07,1.9259e-34,2.9057e-20,-6.4777e-13,4.8411e-09,-6.8517e-07,2.647e-23,0.0020865
37,0.0018257,90,90,1.1097e-12,-5.2085e-09,6.8517e-07,0,-3.7868e-19,1.1097e-12,4.809e-09,-6.672e-07,0,0.0018257
37,0.0015649,83,83,5.3741e-13,-5.5629e-09,6.8517e-07,0,-2.2473e-19,-5.3741e-13,5.5629e-09,-6.8517e-07,0,0.0015649
37,0.0013041,76,76,1.3593e-12,-6.148e-09,6.8517e-07,0,-2.7142e-19,-1.3593e-12,6.148e-09,-6.8517e-07,0,0.0013041
37,0.0010433,68,68,1.7993e-12,-6.8805e-09,6.8517e-07,0,-2.224e-19,-1.7993e-12,6.8805e-09,-6.8517e-07,0,0.0010433
37,0.00078244,59,59,3.1163e-12,-7.9872e-09,6.8517e-07,0,2.1922e-19,-3.1163e-12,7.9872e-09,-6.8517e-07,1.6941e-21,0.00078244
37,0.00052163,48,48,2.5911e-12,-9.6821e-09,6.8517e-07,0,-7.6709e-20,-2.5911e-12,9.6821e-09,-6.8517e-07,0,0.00052163
37,0.00026081,34,34,7.1973e-12,-1.3761e-08,6.8517e-07,0,1.1753e-20,7.1973e-12,1.2782e-08,-6.6853e-07,-5.294e-23,0.00026081
37,-0.0026081,107,107,-1.5353e-13,4.2909e-09,-6.8517e-07,3.3881e-21,-3.638e-19,-1.5353e-13,-4.2252e-09,6.8166e-07,1.3235e-23,-0.0026081
37,-0.0023473,102,102,-7.997e-13,4.587e-09,-6.8517e-07,-5.294e-23,1.0389e-21,-7.997e-13,-4.2607e-09,6.6853e-07,1.6941e-21,-0.0023473
37,-0.0020865,96,96,6.4777e-13,4.5923e-09,-6.7323e-07,-1.9259e-34,-2.9057e-20,6.4777e-13,-4.8411e-09,6.8517e-07,-3.3881e-21,-0.0020865
37,-0.0018257,90,90,-1.1097e-12,5.2085e-09,-6.8517e-07,0,3.7868e-19,1.1097e-12,-5.2085e-09,6.8517e-07,-3.3881e-21,-0.0018257
37,-0.0015649,83,83,-5.3741e-13,5.5629e-09,-6.8517e-07,0,2.2473e-19,-5.3741e-13,-5.3845e-09,6.7777e-07,0,-0.0015649
37,-0.0013041,76,76,-1.3593e-12,6.148e-09,-6.8517e-07,0,2.7142e-19,-1.3593e-12,-5.7348e-09,6.6947e-07,2.647e-23,-0.0013041
37,-0.0010433,68,68,-1.7993e-12,6.8805e-09,-6.8517e-07,0,2.224e-19,1.7993e-12,-6.8805e-09,6.8517e-07,0,-0.0010433
37,-0.00078244,59,59,-3.1163e-12,7.9872e-09,-6.8517e-07,1.6941e-21,9.455e-20,-3.1163e-12,-7.2518e-09,6.6348e-07,2.647e-23,-0.00078244
37,-0.00052163,48,48,-2.5911e-12,9.6821e-09,-6.8517e-07,0,7.6709e-20,-2.5911e-12,-9.1846e-09,6.7323e-07,0,-0.00052163
37,-0.00026081,34,34,7.1973e-12,1.2782e-08,-6.6853e-07,0,9.9197e-22,-7.1973e-12,-1.2782e-08,6.6853e-07,0,-0.00026081
38,0.0024727,110,110,-2.3031e-13,-3.6649e-09,6.1027e-07,-2.564e-31,-1.1507e-32,-2.3031e-13,3.7662e-09,-6.1585e-07,3.2073e-49,0.0024727
38,0.0022254,105,105,-9.3366e-13,-3.6487e-09,5.9526e-07,-5.294e-23,-5.6182e-20,-9.3366e-13,4.0409e-09,-6.1585e-07,3.3881e-21,0.0022254
38,0.0019781,99,99,1.0566e-12,-4.2866e-09,6.1585e-07,0,6.105e-19,1.0566e-12,3.8682e-09,-5.9514e-07,0,0.0019781
38,0.0017309,92,92,-2.779e-13,-4.3945e-09,6.1114e-07,-1.3235e-23,2.2514e-21,-2.779e-13,4.4968e-09,-6.1585e-07,0,0.0017309
38,0.0014836,85,85,-1.4816e-26,-4.8302e-09,6.1585e-07,5.1842e-09,1.2198e-10,-3.8774e-26,4.8302e-09,-6.1585e-07,-5.1842e-09,0.0014836
38,0.0012363,78,78,1.0212e-12,-5.3699e-09,6.1585e-07,0,-2.4733e-19,-1.0212e-12,5.3699e-09,-6.1585e-07,0,0.0012363
38,0.00098907,70,70,2.1007e-12,-6.0613e-09,6.1585e-07,0,-3.2081e-20,2.1007e-12,5.4731e-09,-5.9526e-07,9.6296e-35,0.00098907
38,0.0007418,61,61,4.7782e-12,-7.1192e-09,6.1585e-07,0,1.017e-19,-4.7782e-12,7.1192e-09,-6.1585e-07,0,0.0007418
38,0.00049454,50,50,-8.9619e-12,-7.0164e-09,5.7104e-07,0,-1.8469e-20,8.9619e-12,7.0164e-09,-5.7104e-07,0,0.00049454
38,0.00024727,35,35,-8.403e-12,-1.0946e-08,5.9526e-07,0,-5.5068e-21,-8.403e-12,1.2123e-08,-6.1585e-07,0,0.00024727
38,-0.0024727,110,110,2.3031e-13,3.6649e-09,-6.1027e-07,1.8411e-31,8.4455e-33,-2.3031e-13,-3.6649e-09,6.1027e-07,2.647e-23,-0.0024727
38,-0.0022254,105,105,-9.3366e-13,4.0409e-09,-6.1585e-07,0,8.9402e-21,9.3366e-13,-4.0409e-09,6.1585e-07,-3.3881e-21,-0.0022254
38,-0.0019781,99,99,-1.0566e-12,4.2866e-09,-6.1585e-07,0,-6.105e-19,-1.0566e-12,-3.8682e-09,5.9514e-07,-8.4703e-22,-0.0019781
38,-0.0017309,92,92,-2.779e-13,4.4968e-09,-6.1585e-07,-1.3235e-23,-2.7524e-21,-2.779e-13,-4.3945e-09,6.1114e-07,0,-0.0017309
38,-0.0014836,85,85,-3.785e-27,4.8302e-09,-6.1585e-07,-5.1842e-09,-1.2198e-10,3.8774e-26,-4.8302e-09,6.1585e-07,5.1842e-09,-0.0014836
38,-0.0012363,78,78,-1.0212e-12,5.3699e-09,-6.1585e-07,0,2.4733e-19,-1.0212e-12,-5.0513e-09,6.0342e-07,-2.4074e-35,-0.0012363
38,-0.00098907,70,70,-2.1007e-12,6.0613e-09,-6.1585e-07,5.0822e-21,-1.1393e-19,-2.1007e-12,-5.4731e-09,5.9526e-07,0,-0.00098907
38,-0.0007418,61,61,4.7782e-12,5.9533e-09,-5.8029e-07,0,-1.9376e-20,-4.7782e-12,-5.9533e-09,5.8029e-07,0,-0.0007418
38,-0.00049454,50,50,8.9619e-12,7.0164e-09,-5.7104e-07,0,1.8469e-20,-8.9619e-12,-7.0164e-09,5.7104e-07,0,-0.00049454
38,-0.00024727,36,35,-3.354e-11,1.3015e-08,-6.1585e-07,0,9.6138e-20,8.403e-12,-1.2123e-08,6.1585e-07,0,-0.00024727
39,0.0023475,113,113,-2.7729e-13,-3.1912e-09,5.4799e-07,1.326e-35,-2.4074e-35,-2.7729e-13,3.3165e-09,-5.5507e-07,6.8752e-37,0.0023475
39,0.0021128,107,107,-1.2791e-13,-3.4219e-09,5.5214e-07,-6.0185e-36,4.5603e-21,1.2791e-13,3.4219e-09,-5.5214e-07,6.0185e-36,0.0021128
39,0.001878,101,101,-2.7183e-13,-3.5906e-09,5.4953e-07,-1.2037e-35,1.6864e-20,-2.7183e-13,3.7004e-09,-5.5507e-07,0,0.001878
39,0.0016433,95,95,-9.794e-13,-3.6471e-09,5.3739e-07,-1.0588e-22,5.3876e-20,-9.794e-13,4.0193e-09,-5.5507e-07,0,0.0016433
39,0.0014085,88,88,-1.2169e-12,-3.9195e-09,5.3622e-07,-9.6296e-35,-7.3077e-21,-1.2169e-12,4.3479e-09,-5.5507e-07,0,0.0014085
39,0.0011738,80,80,-7.6195e-13,-4.463e-09,5.4532e-07,9.6296e-35,2.7682e-20,-7.6195e-13,4.7069e-09,-5.5507e-07,0,0.0011738
39,0.000939,72,72,2.251e-12,-5.3556e-09,5.5507e-07,0,-4.9991e-19,2.251e-12,4.7074e-09,-5.3173e-07,0,0.000939
39,0.00070425,62,62,-1.4175e-12,-5.7341e-09,5.4417e-07,0,-5.992e-21,-1.4175e-12,6.0857e-09,-5.5507e-07,0,0.00070425
39,0.0004695,51,51,-5.2093e-12,-6.5474e-09,5.2797e-07,0,-1.2532e-21,-5.2093e-12,7.6101e-09,-5.5507e-07,0,0.0004695
39,0.00023475,36,36,9.0039e-12,-1.0711e-08,5.5507e-07,0,-9.1268e-20,9.0039e-12,9.4147e-09,-5.3173e-07,8.4703e-22,0.00023475
39,-0.0023475,113,113,2.7729e-13,3.1912e-09,-5.4799e-07,-8.4703e-22,3.6528e-21,-2.7729e-13,-3.1912e-09,5.4799e-07,5.294e-23,-0.0023475
39,-0.0021128,107,107,1.2791e-13,3.4219e-09,-5.5214e-07,6.0185e-36,-4.5603e-21,-1.2791e-13,-3.4219e-09,5.5214e-07,-6.0185e-36,-0.0021128
39,-0.001878,101,101,2.7183e-13,3.5906e-09,-5.4953e-07,2.4074e-35,-1.6864e-20,-2.7183e-13,-3.5906e-09,5.4953e-07,1.3235e-23,-0.001878
39,-0.0016433,95,95,9.794e-13,3.6471e-09,-5.3739e-07,0,-1.8996e-21,9.794e-13,-4.0193e-09,5.5507e-07,-3.3881e-21,-0.0016433
39,-0.0014085,88,88,-1.2169e-12,4.3479e-09,-5.5507e-07,3.3881e-21,3.3987e-20,-1.2169e-12,-3.9195e-09,5.3622e-07,0,-0.0014085
39,-0.0011738,80,80,-7.6195e-13,4.7069e-09,-5.5507e-07,1.6941e-21,1.0069e-19,7.6195e-13,-4.7069e-09,5.5507e-07,0,-0.0011738
39,-0.000939,72,72,-2.251e-12,5.3556e-09,-5.5507e-07,0,4.9991e-19,-2.251e-12,-4.7074e-09,5.3173e-07,0,-0.000939
39,-0.00070425,62,62,1.4175e-12,5.7341e-09,-5.4417e-07,0,5.992e-21,-1.4175e-12,-5.7341e-09,5.4417e-07,0,-0.00070425
39,-0.0004695,51,51,5.2093e-12,6.5474e-09,-5.2797e-07,0,1.2532e-21,-5.2093e-12,-6.5474e-09,5.2797e-07,0,-0.0004695
39,-0.00023475,36,36,-9.0039e-12,1.0711e-08,-5.5507e-07,0,9.1268e-20,-9.0039e-12,-9.4147e-09,5.3173e-07,-8.4703e-22,-0.00023475
40,0.0022316,116,116,-3.0326e-13,-2.789e-09,4.9345e-07,-2.9319e-31,-2.5873e-33,-3.0326e-13,2.9297e-09,-5.0161e-07,-1.1755e-38,0.0022316
40,0.0020084,110,110,3.0191e-13,-3.0844e-09,5.0161e-07,0,-2.0482e-19,3.0191e-13,2.9515e-09,-4.9431e-07,-8.4703e-22,0.0020084
40,0.0017853,104,104,-5.9503e-13,-3.0504e-09,4.8874e-07,-1.0588e-22,1.3362e-20,-5.9503e-13,3.298e-09,-5.0161e-07,0,0.0017853
40,0.0015621,97,97,3.7638e-13,-3.4962e-09,5.0161e-07,0,2.0233e-19,-3.7638e-13,3.4962e-09,-5.0161e-07,0,0.0015621
40,0.001339,90,91,-7.0398e-13,-3.5467e-09,4.9021e-07,-4.8195e-35,1.5099e-21,-1.9975e-12,3.9172e-09,-5.0161e-07,0,0.001339
40,0.0011158,82,82,-5.6287e-13,-3.9551e-09,4.9404e-07,0,-3.1039e-21,-5.6287e-13,4.1397e-09,-5.0161e-07,0,0.0011158
40,0.00089264,74,74,2.2982e-12,-4.7458e-09,5.0161e-07,0,-1.3944e-19,-2.2982e-12,4.7458e-09,-5.0161e-07,-1.6941e-21,0.00089264
40,0.00066948,64,64,2.7518e-12,-5.4599e-09,5.0161e-07,0,-2.0371e-19,2.7518e-12,4.7555e-09,-4.7907e-07,0,0.00066948
40,0.00044632,52,52,2.3801e-12,-6.5959e-09,5.0161e-07,0,-1.3621e-19,-2.3801e-12,6.5959e-09,-5.0161e-07,0,0.00044632
40,0.00022316,37,37,9.1927e-12,-9.4916e-09,5.0161e-07,0,-5.9663e-20,-9.1927e-12,9.4916e-09,-5.0161e-07,2.647e-23,0.00022316
40,-0.0022316,116,116,3.0326e-13,2.789e-09,-4.9345e-07,-4.2012e-32,-1.7081e-33,-3.0326e-13,-2.789e-09,4.9345e-07,0,-0.0022316
40,-0.0020084,110,110,-3.0191e-13,3.0844e-09,-5.0161e-07,0,2.0482e-19,-3.0191e-13,-2.9515e-09,4.9431e-07,4.2352e-22,-0.0020084
40,-0.0017853,104,104,-5.9503e-13,3.298e-09,-5.0161e-07,0,4.8228e-20,-5.9503e-13,-3.0504e-09,4.8874e-07,0,-0.0017853
40,-0.0015621,97,97,-3.7638e-13,3.4962e-09,-5.0161e-07,0,-2.0233e-19,-3.7638e-13,-3.3501e-09,4.9453e-07,0,-0.0015621
40,-0.001339,90,90,7.0398e-13,3.5467e-09,-4.9021e-07,4.8195e-35,-1.5099e-21,-7.0398e-13,-3.5467e-09,4.9021e-07,0,-0.001339
40,-0.0011158,82,82,5.6287e-13,3.9551e-09,-4.9404e-07,0,3.1039e-21,-5.6287e-13,-3.9551e-09,4.9404e-07,0,-0.0011158
40,-0.00089264,74,75,-2.2982e-12,4.7458e-09,-5.0161e-07,0,1.3944e-19,-4.5402e-12,-3.5507e-09,4.5053e-07,1.0588e-22,-0.00089264
40,-0.00066948,64,64,-2.7518e-12,5.4599e-09,-5.0161e-07,0,2.0371e-19,-2.7518e-12,-4.7555e-09,4.7907e-07,0,-0.00066948
40,-0.00044632,52,52,-2.3801e-12,6.5959e-09,-5.0161e-07,0,1.3621e-19,2.3801e-12,-6.5959e-09,5.0161e-07,0,-0.00044632
40,-0.00022316,37,37,-9.1927e-12,9.4916e-09,-5.0161e-07,0,5.9663e-20,-9.1927e-12,-8.131e-09,4.7644e-07,2.647e-23,-0.00022316
41,0.0021241,119,119,-3.1453e-13,-2.446e-09,4.4553e-07,8.4703e-22,9.5556e-21,-3.1453e-13,2.5958e-09,-4.5444e-07,0,0.0021241
41,0.0019117,113,113,4.1534e-13,-2.7436e-09,4.5444e-07,0,-3.314e-20,4.1534e-13,2.5559e-09,-4.4383e-07,3.3102e-35,0.0019117
41,0.0016992,106,106,6.5651e-14,-2.8674e-09,4.5444e-07,0,7.4359e-19,6.5651e-14,2.8395e-09,-4.5296e-07,0,0.0016992
41,0.0014868,100,100,8.3825e-13,-3.1413e-09,4.5444e-07,0,-4.5401e-19,8.3825e-13,2.806e-09,-4.3767e-07,-2.4074e-34,0.0014868
41,0.0012744,92,92,3.2148e-13,-3.3324e-09,4.5444e-07,0,3.8037e-19,3.2148e-13,3.2141e-09,-4.4899e-07,6.0185e-36,0.0012744
41,0.001062,84,84,-4.0982e-13,-3.5148e-09,4.4865e-07,-4.8148e-35,1.1146e-20,-4.0982e-13,3.6525e-09,-4.5444e-07,0,0.001062
41,0.00084962,75,75,2.3151e-13,-4.0626e-09,4.5444e-07,0,-5.5105e-19,2.3151e-13,3.9931e-09,-4.5183e-07,0,0.00084962
41,0.00063722,65,65,4.6688e-13,-4.7013e-09,4.5444e-07,0,1.323e-19,-4.6688e-13,4.7013e-09,-4.5444e-07,0,0.00063722
41,0.00042481,53,53,2.6261e-13,-5.7347e-09,4.5444e-07,0,9.0156e-20,-2.6261e-13,5.7347e-09,-4.5444e-07,0,0.00042481
41,0.00021241,38,38,9.1055e-12,-8.4339e-09,4.5444e-07,0,1.9694e-20,9.1055e-12,7.0499e-09,-4.2814e-07,8.4703e-22,0.00021241
41,-0.0021241,119,119,3.1453e-13,2.446e-09,-4.4553e-07,-2.1629e-36,5.7176e-35,-3.1453e-13,-2.446e-09,4.4553e-07,2.647e-23,-0.0021241
41,-0.0019117,113,113,-4.1534e-13,2.7436e-09,-4.5444e-07,2.647e-23,-3.9605e-21,4.1534e-13,-2.7436e-09,4.5444e-07,0,-0.0019117
41,-0.0016992,106,106,-6.5651e-14,2.8674e-09,-4.5444e-07,0,-7.4359e-19,-6.5651e-14,-2.8395e-09,4.5296e-07,-4.2352e-22,-0.0016992
41,-0.0014868,100,100,-8.3825e-13,3.1413e-09,-4.5444e-07,0,4.5401e-19,-8.3825e-13,-2.806e-09,4.3767e-07,5.294e-23,-0.0014868
41,-0.0012744,92,92,3.2148e-13,3.2141e-09,-4.4899e-07,0,-6.2753e-21,-3.2148e-13,-3.2141e-09,4.4899e-07,1.3235e-23,-0.0012744
41,-0.001062,84,84,4.0982e-13,3.5148e-09,-4.4865e-07,4.8148e-35,-1.1146e-20,-4.0982e-13,-3.5148e-09,4.4865e-07,1.3235e-23,-0.001062
41,-0.00084962,75,76,-2.3151e-13,4.0626e-09,-4.5444e-07,0,5.5105e-19,-2.2764e-12,-3.5249e-09,4.2814e-07,0,-0.00084962
41,-0.00063722,65,65,-4.6688e-13,4.7013e-09,-4.5444e-07,0,-1.323e-19,-4.6688e-13,-4.58e-09,4.5049e-07,0,-0.00063722
41,-0.00042481,53,53,-2.6261e-13,5.7347e-09,-4.5444e-07,0,-9.0156e-20,2.6261e-13,-5.7347e-09,4.5444e-07,0,-0.00042481
41,-0.00021241,38,38,-9.1055e-12,8.4339e-09,-4.5444e-07,0,-1.9694e-20,-9.1055e-12,-7.0499e-09,4.2814e-07,-8.4703e-22,-0.00021241
42,0.0020241,122,122,-3.1565e-13,-2.1524e-09,4.0328e-07,2.0548e-35,1.1285e-36,-3.1565e-13,2.3064e-09,-4.1268e-07,0,0.0020241
42,0.0018217,116,116,4.8524e-13,-2.4468e-09,4.1268e-07,0,1.5522e-19,4.8524e-13,2.2216e-09,-3.9962e-07,4.2352e-22,0.0018217
42,0.0016193,109,109,-3.1971e-13,-2.4311e-09,4.0508e-07,-7.9409e-23,-7.5009e-21,3.1971e-13,2.4311e-09,-4.0508e-07,0,0.0016193
42,0.0014169,102,102,-3.9579e-13,-2.5896e-09,4.0444e-07,9.6296e-35,-2.0337e-20,3.9579e-13,2.5896e-09,-4.0444e-07,-9.6296e-35,0.0014169
42,0.0012145,94,94,3.8417e-14,-2.9316e-09,4.1268e-07,0,-2.9747e-19,3.8417e-14,2.9172e-09,-4.12e-07,0,0.0012145
42,0.0010121,86,86,-2.9214e-13,-3.1321e-09,4.0836e-07,0,-3.9464e-21,-2.9214e-13,3.2325e-09,-4.1268e-07,-1.3235e-23,0.0010121
42,0.00080965,77,77,-5.069e-13,-3.4689e-09,4.0667e-07,0,-5.0769e-20,5.069e-13,3.4689e-09,-4.0667e-07,0,0.00080965
42,0.00060724,67,67,1.5284e-12,-4.2428e-09,4.1268e-07,0,-1.1858e-19,1.5284e-12,3.8332e-09,-3.9895e-07,0,0.00060724
42,0.00040482,55,55,-3.7021e-12,-4.4592e-09,3.9028e-07,0,-1.1683e-21,3.7021e-12,4.4592e-09,-3.9028e-07,0,0.00040482
42,0.00020241,40,39,2.0722e-11,-7.9831e-09,4.1268e-07,0,-3.4887e-20,8.8379e-12,6.1352e-09,-3.8579e-07,0,0.00020241
42,-0.0020241,122,122,3.1565e-13,2.1524e-09,-4.0328e-07,-4.2352e-22,2.3955e-21,-3.1565e-13,-2.1524e-09,4.0328e-07,0,-0.0020241
42,-0.0018217,116,116,4.8524e-13,2.2216e-09,-3.9962e-07,2.0463e-34,-3.7368e-20,-4.8524e-13,-2.2216e-09,3.9962e-07,-4.2352e-22,-0.0018217
42,-0.0016193,109,109,-3.1971e-13,2.5705e-09,-4.1268e-07,0,-1.8513e-19,-3.1971e-13,-2.4311e-09,4.0508e-07,0,-0.0016193
42,-0.0014169,102,102,3.9579e-13,2.5896e-09,-4.0444e-07,-9.6296e-35,2.0337e-20,-3.9579e-13,-2.5896e-09,4.0444e-07,0,-0.0014169
42,-0.0012145,94,94,-3.8417e-14,2.9316e-09,-4.1268e-07,0,2.9747e-19,-3.8417e-14,-2.9172e-09,4.12e-07,0,-0.0012145
42,-0.0010121,86,86,2.9214e-13,3.1321e-09,-4.0836e-07,0,3.9464e-21,-2.9214e-13,-3.1321e-09,4.0836e-07,0,-0.0010121
42,-0.00080965,77,77,5.069e-13,3.4689e-09,-4.0667e-07,0,-2.7319e-21,-5.069e-13,-3.4689e-09,4.0667e-07,0,-0.00080965
42,-0.00060724,67,67,-1.5284e-12,4.2428e-09,-4.1268e-07,0,1.1858e-19,-1.5284e-12,-3.8332e-09,3.9895e-07,0,-0.00060724
42,-0.00040482,55,55,3.7021e-12,4.4592e-09,-3.9028e-07,0,1.1683e-21,-3.7021e-12,-4.4592e-09,3.9028e-07,0,-0.00040482
42,-0.00020241,39,39,8.8379e-12,6.1352e-09,-3.8579e-07,0,-7.5328e-21,8.8379e-12,-7.5139e-09,4.1268e-07,0,-0.00020241
43,0.0019311,125,125,3.0987e-13,-2.0549e-09,3.7561e-07,0,1.1626e-19,-3.0987e-13,2.0549e-09,-3.7561e-07,-3.5972e-49,0.0019311
43,0.001738,118,118,-8.2862e-14,-2.096e-09,3.733e-07,-3.0093e-36,9.9446e-22,8.2862e-14,2.096e-09,-3.733e-07,-8.4703e-22,0.001738
43,0.0015449,112,112,4.8966e-13,-2.3089e-09,3.7561e-07,0,-5.4528e-21,-4.8966e-13,2.3089e-09,-3.7561e-07,0,0.0015449
43,0.0013517,104,104,6.2573e-14,-2.4164e-09,3.7561e-07,0,-3.6528e-20,-6.2573e-14,2.4164e-09,-3.7561e-07,0,0.0013517
43,0.0011586,97,97,6.5698e-13,-2.6665e-09,3.7561e-07,0,1.5003e-19,-6.5698e-13,2.6665e-09,-3.7561e-07,-2.647e-23,0.0011586
43,0.00096553,88,88,2.0172e-13,-2.8692e-09,3.7561e-07,0,9.238e-20,-2.0172e-13,2.8692e-09,-3.7561e-07,5.0822e-21,0.00096553
43,0.00077243,79,79,-6.9012e-13,-3.0243e-09,3.6699e-07,0,-1.2004e-20,6.9012e-13,3.0243e-09,-3.6699e-07,0,0.00077243
43,0.00057932,68,68,1.2923e-26,-3.6824e-09,3.7561e-07,5.6592e-09,1.6645e-10,3.2312e-26,3.6824e-09,-3.7561e-07,-5.6592e-09,0.00057932
43,0.00038621,56,56,-1.9586e-12,-4.179e-09,3.6332e-07,0,-5.8111e-21,-1.9586e-12,4.6178e-09,-3.7561e-07,1.3235e-23,0.00038621
43,0.00019311,40,40,8.4572e-12,-6.7112e-09,3.7561e-07,0,-3.3299e-20,-8.4572e-12,6.7112e-09,-3.7561e-07,0,0.00019311
43,-0.0019311,125,125,-3.0987e-13,2.0549e-09,-3.7561e-07,0,1.162e-19,-3.0987e-13,-1.8999e-09,3.6592e-07,-1.828e-34,-0.0019311
43,-0.001738,118,118,8.2862e-14,2.096e-09,-3.733e-07,3.0093e-36,-9.9446e-22,-8.2862e-14,-2.096e-09,3.733e-07,8.4703e-22,-0.001738
43,-0.0015449,112,112,-4.8966e-13,2.3089e-09,-3.7561e-07,0,5.4528e-21,-4.8966e-13,-2.0895e-09,3.6332e-07,2.647e-23,-0.0015449
43,-0.0013517,104,104,-6.2573e-14,2.4164e-09,-3.7561e-07,0,3.6528e-20,6.2573e-14,-2.4164e-09,3.7561e-07,0,-0.0013517
43,-0.0011586,97,97,-6.5698e-13,2.6665e-09,-3.7561e-07,0,-1.5003e-19,6.5698e-13,-2.6665e-09,3.7561e-07,0,-0.0011586
43,-0.00096553,88,88,-2.0172e-13,2.8692e-09,-3.7561e-07,0,-9.238e-20,2.0172e-13,-2.8692e-09,3.7561e-07,-5.0822e-21,-0.00096553
43,-0.00077243,79,79,6.9012e-13,3.0243e-09,-3.6699e-07,0,1.2004e-20,-6.9012e-13,-3.0243e-09,3.6699e-07,0,-0.00077243
43,-0.00057932,68,68,6.4778e-27,3.6824e-09,-3.7561e-07,-5.6592e-09,-1.6645e-10,-3.2312e-26,-3.6824e-09,3.7561e-07,5.6592e-09,-0.00057932
43,-0.00038621,56,56,1.9586e-12,4.179e-09,-3.6332e-07,0,5.8111e-21,-1.9586e-12,-4.179e-09,3.6332e-07,0,-0.00038621
43,-0.00019311,40,40,-8.4572e-12,6.7112e-09,-3.7561e-07,0,3.3299e-20,8.4572e-12,-6.7112e-09,3.7561e-07,0,-0.00019311
44,0.0018443,128,128,-2.9954e-13,-1.6822e-09,3.3279e-07,4.2352e-22,3.547e-20,-2.9954e-13,1.8355e-09,-3.4261e-07,-8.8162e-39,0.0018443
44,0.0016599,121,121,1.7042e-13,-1.9151e-09,3.4261e-07,0,-3.6041e-19,1.7042e-13,1.8327e-09,-3.3762e-07,4.2352e-22,0.0016599
44,0.0014754,114,114,-1.5529e-13,-1.9563e-09,3.3857e-07,-1.2037e-35,-2.8673e-20,1.5529e-13,1.9563e-09,-3.3857e-07,1.2037e-35,0.0014754
44,0.001291,107,107,3.7765e-13,-2.1885e-09,3.4261e-07,0,1.0471e-19,3.7765e-13,2.0269e-09,-3.3396e-07,1.2037e-35,0.001291
44,0.0011066,99,99,-3.9738e-13,-2.2022e-09,3.3482e-07,0,3.3646e-19,-3.9738e-13,2.3596e-09,-3.4261e-07,0,0.0011066
44,0.00092215,91,90,-1.0309e-12,-2.2598e-09,3.2553e-07,-9.5718e-35,-2.0593e-20,-1.3236e-13,2.5537e-09,-3.4261e-07,0,0.00092215
44,0.00073772,81,81,8.0607e-13,-2.9069e-09,3.4261e-07,0,-5.7942e-19,-8.0607e-13,2.9069e-09,-3.4261e-07,0,0.00073772
44,0.00055329,70,70,7.8779e-13,-3.3365e-09,3.4261e-07,0,-6.3633e-20,-7.8779e-13,3.3365e-09,-3.4261e-07,0,0.00055329
44,0.00036886,57,57,6.2118e-13,-4.0543e-09,3.4261e-07,0,-1.7526e-19,6.2118e-13,3.9127e-09,-3.3857e-07,-1.9259e-34,0.00036886
44,0.00018443,41,41,8.0105e-12,-6.0088e-09,3.4261e-07,0,-1.8899e-20,-8.0105e-12,6.0088e-09,-3.4261e-07,2.647e-23,0.00018443
44,-0.0018443,128,128,2.9954e-13,1.6822e-09,-3.3279e-07,0,3.5456e-20,-2.9954e-13,-1.6822e-09,3.3279e-07,2.647e-23,-0.0018443
44,-0.0016599,121,121,-1.7042e-13,1.9151e-09,-3.4261e-07,0,3.6041e-19,-1.7042e-13,-1.8327e-09,3.3762e-07,-4.2352e-22,-0.0016599
44,-0.0014754,114,114,-1.5529e-13,2.0272e-09,-3.4261e-07,-2.647e-23,1.5956e-21,-1.5529e-13,-1.9563e-09,3.3857e-07,0,-0.0014754
44,-0.001291,107,107,3.7765e-13,2.0269e-09,-3.3396e-07,2.4074e-35,-1.3464e-20,-3.7765e-13,-2.0269e-09,3.3396e-07,-1.2037e-35,-0.001291
44,-0.0011066,99,99,-3.9738e-13,2.3596e-09,-3.4261e-07,0,-3.4151e-19,-3.9738e-13,-2.2022e-09,3.3482e-07,0,-0.0011066
44,-0.00092215,90,90,1.3236e-13,2.5061e-09,-3.4046e-07,0,1.223e-18,-1.3236e-13,-2.5061e-09,3.4046e-07,0,-0.00092215
44,-0.00073772,81,81,-8.0607e-13,2.9069e-09,-3.4261e-07,0,5.7942e-19,-8.0607e-13,-2.6457e-09,3.3203e-07,0,-0.00073772
44,-0.00055329,70,70,-7.8779e-13,3.3365e-09,-3.4261e-07,0,1.7947e-20,-7.8779e-13,-3.1159e-09,3.3489e-07,1.3235e-23,-0.00055329
44,-0.00036886,57,57,-6.2118e-13,4.0543e-09,-3.4261e-07,0,1.7526e-19,-6.2118e-13,-3.9127e-09,3.3857e-07,1.9259e-34,-0.00036886
44,-0.00018443,41,41,8.0105e-12,4.695e-09,-3.1568e-07,0,-7.6828e-21,-8.0105e-12,-4.695e-09,3.1568e-07,-5.294e-23,-0.00018443
45,0.0017632,130,130,-9.0936e-15,-1.6028e-09,3.1285e-07,0,-1.0329e-33,-9.0936e-15,1.6075e-09,-3.1315e-07,1.102e-39,0.0017632
45,0.0015869,124,124,-2.2976e-13,-1.6076e-09,3.0609e-07,-1.8056e-35,2.0038e-20,-2.2976e-13,1.7216e-09,-3.1315e-07,-5.294e-23,0.0015869
45,0.0014106,117,117,-2.9351e-13,-1.6928e-09,3.0512e-07,0,8.9493e-21,-2.9351e-13,1.8301e-09,-3.1315e-07,0,0.0014106
45,0.0012343,109,109,-1.2602e-13,-1.8787e-09,3.1016e-07,6.6174e-24,-2.2388e-21,1.2602e-13,1.8787e-09,-3.1016e-07,0,0.0012343
45,0.0010579,101,101,-1.9855e-13,-2.0135e-09,3.091e-07,-2.4209e-35,1.2317e-20,1.9855e-13,2.0135e-09,-3.091e-07,2.4074e-35,0.0010579
45,0.00088162,92,92,7.9325e-14,-2.279e-09,3.1315e-07,0,2.6311e-19,7.9325e-14,2.2498e-09,-3.1181e-07,6.0185e-36,0.00088162
45,0.00070529,83,83,-8.731e-13,-2.322e-09,3.0112e-07,9.6296e-35,1.2956e-20,8.731e-13,2.322e-09,-3.0112e-07,-9.6296e-35,0.00070529
45,0.00052897,72,72,-1.3574e-12,-2.6389e-09,2.9908e-07,0,-2.3679e-22,1.3574e-12,2.6389e-09,-2.9908e-07,0,0.00052897
45,0.00035265,59,59,2.6531e-12,-3.7472e-09,3.1315e-07,0,9.8812e-20,-2.6531e-12,3.7472e-09,-3.1315e-07,0,0.00035265
45,0.00017632,42,42,7.5307e-12,-5.3924e-09,3.1315e-07,0,-7.0171e-20,-7.5307e-12,5.3924e-09,-3.1315e-07,0,0.00017632
45,-0.0017632,130,131,9.0936e-15,1.6028e-09,-3.1285e-07,0,2.4074e-34,-2.8635e-13,-1.4936e-09,3.0333e-07,0,-0.0017632
45,-0.0015869,124,124,2.2976e-13,1.6076e-09,-3.0609e-07,1.8056e-35,-2.0038e-20,-2.2976e-13,-1.6076e-09,3.0609e-07,-4.2352e-22,-0.0015869
45,-0.0014106,117,117,-2.9351e-13,1.8301e-09,-3.1315e-07,0,5.6918e-19,-2.9351e-13,-1.6928e-09,3.0512e-07,0,-0.0014106
45,-0.0012343,109,109,1.2602e-13,1.8787e-09,-3.1016e-07,0,-1.5953e-21,-1.2602e-13,-1.8787e-09,3.1016e-07,-1.3235e-23,-0.0012343
45,-0.0010579,101,101,1.9855e-13,2.0135e-09,-3.091e-07,0,2.1653e-18,-1.9855e-13,-2.0135e-09,3.091e-07,0,-0.0010579
45,-0.00088162,92,92,7.9325e-14,2.2498e-09,-3.1181e-07,6.0185e-36,-1.5484e-21,-7.9325e-14,-2.2498e-09,3.1181e-07,3.3087e-24,-0.00088162
45,-0.00070529,83,84,-8.731e-13,2.6119e-09,-3.1315e-07,0,1.0127e-19,-1.8827e-12,-2.0636e-09,2.8659e-07,0,-0.00070529
45,-0.00052897,72,72,-1.3574e-12,3.0299e-09,-3.1315e-07,0,2.8159e-19,-1.3574e-12,-2.6389e-09,2.9908e-07,2.647e-23,-0.00052897
45,-0.00035265,59,59,-2.6531e-12,3.7472e-09,-3.1315e-07,0,-9.8812e-20,-2.6531e-12,-3.121e-09,2.9468e-07,0,-0.00035265
45,-0.00017632,42,42,-7.5307e-12,5.3924e-09,-3.1315e-07,0,7.0171e-20,7.5307e-12,-5.3924e-09,3.1315e-07,0,-0.00017632
46,0.0016874,133,133,3.5022e-14,-1.4438e-09,2.868e-07,0,5.34e-19,-3.5022e-14,1.4438e-09,-2.868e-07,0,0.0016874
46,0.0015187,126,126,-1.5562e-28,-1.5175e-09,2.868e-07,7.3663e-09,1.1693e-10,-4.6227e-28,1.5175e-09,-2.868e-07,-7.3663e-09,0.0015187
46,0.0013499,119,119,5.7733e-14,-1.6159e-09,2.868e-07,0,-3.061e-19,5.7733e-14,1.5884e-09,-2.8516e-07,-6.3527e-22,0.0013499
46,0.0011812,112,112,3.4347e-13,-1.7584e-09,2.868e-07,0,-4.1822e-21,-3.4347e-13,1.7584e-09,-2.868e-07,-5.294e-23,0.0011812
46,0.0010124,103,103,-4.7207e-14,-1.8433e-09,2.858e-07,0,-2.355e-19,-4.7207e-14,1.8628e-09,-2.868e-07,3.3087e-24,0.0010124
46,0.0008437,94,94,-3.8956e-14,-2.0243e-09,2.8611e-07,0,1.8386e-21,-3.8956e-14,2.0389e-09,-2.868e-07,0,0.0008437
46,0.00067496,84,84,4.2208e-27,-2.2762e-09,2.868e-07,4.9093e-09,1.1689e-10,-1.4056e-25,2.2762e-09,-2.868e-07,-4.9093e-09,0.00067496
46,0.00050622,73,73,3.4098e-13,-2.6523e-09,2.868e-07,0,-8.8277e-20,3.4098e-13,2.5528e-09,-2.8316e-07,0,0.00050622
46,0.00033748,60,60,1.5456e-12,-3.3103e-09,2.868e-07,0,-3.1975e-20,-1.5456e-12,3.3103e-09,-2.868e-07,0,0.00033748
46,0.00016874,42,42,5.1702e-26,-4.5524e-09,2.868e-07,2.4505e-09,1.1669e-10,3.2668e-25,4.5524e-09,-2.868e-07,-2.4505e-09,0.00016874
46,-0.0016874,133,133,-3.5022e-14,1.4438e-09,-2.868e-07,0,5.34e-19,-3.5022e-14,-1.4252e-09,2.8556e-07,4.7058e-35,-0.0016874
46,-0.0015187,126,126,-7.9519e-31,1.5175e-09,-2.868e-07,-7.3663e-09,-1.1693e-10,4.6227e-28,-1.5175e-09,2.868e-07,7.3663e-09,-0.0015187
46,-0.0013499,119,119,-5.7733e-14,1.6159e-09,-2.868e-07,0,3.061e-19,-5.7733e-14,-1.5884e-09,2.8516e-07,0,-0.0013499
46,-0.0011812,112,112,-3.4347e-13,1.7584e-09,-2.868e-07,0,4.1822e-21,-3.4347e-13,-1.6045e-09,2.7818e-07,-3.3881e-21,-0.0011812
46,-0.0010124,103,103,-4.7207e-14,1.8628e-09,-2.868e-07,0,-1.8661e-20,-4.7207e-14,-1.8433e-09,2.858e-07,-3.3087e-24,-0.0010124
46,-0.0008437,94,94,-3.8956e-14,2.0389e-09,-2.868e-07,0,2.0665e-19,3.8956e-14,-2.0389e-09,2.868e-07,-1.6941e-21,-0.0008437
46,-0.00067496,84,84,-7.6994e-27,2.2762e-09,-2.868e-07,-4.9093e-09,-1.1689e-10,1.4056e-25,-2.2762e-09,2.868e-07,4.9093e-09,-0.00067496
46,-0.00050622,73,73,-3.4098e-13,2.6523e-09,-2.868e-07,0,8.8277e-20,-3.4098e-13,-2.5528e-09,2.8316e-07,0,-0.00050622
46,-0.00033748,60,60,-1.5456e-12,3.3103e-09,-2.868e-07,0,3.1975e-20,-1.5456e-12,-2.9394e-09,2.7567e-07,0,-0.00033748
46,-0.00016874,42,42,-2.8069e-30,4.5524e-09,-2.868e-07,-2.4505e-09,-1.1669e-10,-3.2668e-25,-4.5524e-09,2.868e-07,2.4505e-09,-0.00016874
47,0.0016164,136,136,-5.3418e-14,-1.2706e-09,2.6118e-07,8.0836e-32,5.0352e-34,-5.3418e-14,1.2997e-09,-2.6316e-07,-6.0018e-37,0.0016164
47,0.0014547,129,129,5.426e-14,-1.3693e-09,2.6316e-07,0,-6.1039e-20,5.426e-14,1.3413e-09,-2.6135e-07,0,0.0014547
47,0.0012931,122,122,1.6958e-13,-1.4656e-09,2.6316e-07,0,3.1949e-20,1.6958e-13,1.3829e-09,-2.5811e-07,0,0.0012931
47,0.0011315,114,114,1.5177e-13,-1.562e-09,2.6316e-07,0,-4.7963e-20,-1.5177e-13,1.562e-09,-2.6316e-07,1.3235e-23,0.0011315
47,0.00096982,106,106,-3.7534e-13,-1.549e-09,2.5472e-07,3.6111e-35,2.2026e-20,-3.7534e-13,1.7081e-09,-2.6316e-07,0,0.00096982
47,0.00080818,96,96,-8.4313e-15,-1.8253e-09,2.63e-07,2.2569e-36,3.782e-22,-8.4313e-15,1.8286e-09,-2.6316e-07,1.6941e-21,0.00080818
47,0.00064655,86,86,-1.2209e-13,-2.012e-09,2.6135e-07,0,-1.6492e-21,-1.2209e-13,2.054e-09,-2.6316e-07,0,0.00064655
47,0.00048491,75,75,-8.0703e-13,-2.1778e-09,2.5408e-07,0,-8.3877e-19,-8.0703e-13,2.4199e-09,-2.6316e-07,0,0.00048491
47,0.00032327,61,61,-6.7831e-13,-2.7657e-09,2.5811e-07,0,-3.9172e-22,6.7831e-13,2.7657e-09,-2.5811e-07,0,0.00032327
47,0.00016164,43,43,4.8834e-13,-4.108e-09,2.6316e-07,0,4.3993e-20,-4.8834e-13,4.108e-09,-2.6316e-07,-6.6174e-24,0.00016164
47,-0.0016164,136,136,-5.3418e-14,1.2997e-09,-2.6316e-07,3.3881e-21,-1.6557e-19,-5.3418e-14,-1.2706e-09,2.6118e-07,-1.9852e-23,-0.0016164
47,-0.0014547,129,129,-5.426e-14,1.3693e-09,-2.6316e-07,0,6.1039e-20,-5.426e-14,-1.3413e-09,2.6135e-07,0,-0.0014547
47,-0.0012931,122,122,-1.6958e-13,1.4656e-09,-2.6316e-07,0,1.4771e-21,-1.6958e-13,-1.3829e-09,2.5811e-07,0,-0.0012931
47,-0.0011315,114,114,1.5177e-13,1.4928e-09,-2.5921e-07,1.2037e-35,2.8023e-20,1.5177e-13,-1.562e-09,2.6316e-07,0,-0.0011315
47,-0.00096982,106,106,3.7534e-13,1.549e-09,-2.5472e-07,0,-1.1406e-19,-3.7534e-13,-1.549e-09,2.5472e-07,0,-0.00096982
47,-0.00080818,96,96,8.4313e-15,1.8253e-09,-2.63e-07,-2.6331e-36,-3.782e-22,8.4313e-15,-1.8286e-09,2.6316e-07,-1.6941e-21,-0.00080818
47,-0.00064655,86,86,1.2209e-13,2.012e-09,-2.6135e-07,0,1.6492e-21,-1.2209e-13,-2.012e-09,2.6135e-07,0,-0.00064655
47,-0.00048491,75,75,-8.0703e-13,2.4199e-09,-2.6316e-07,0,3.1449e-19,-8.0703e-13,-2.1778e-09,2.5408e-07,0,-0.00048491
47,-0.00032327,61,61,-6.7831e-13,2.9312e-09,-2.6316e-07,0,-4.431e-20,-6.7831e-13,-2.7657e-09,2.5811e-07,0,-0.00032327
47,-0.00016164,43,43,-4.8834e-13,4.108e-09,-2.6316e-07,0,-4.3993e-20,-4.8834e-13,-4.024e-09,2.6135e-07,3.3087e-24,-0.00016164
48,0.0015497,139,139,-6.6092e-14,-1.1357e-09,2.3935e-07,1.257e-33,-4.8148e-35,-6.6092e-14,1.1725e-09,-2.419e-07,-1.5846e-35,0.0015497
48,0.0013947,132,132,1.0111e-13,-1.2395e-09,2.419e-07,0,-3.8887e-19,1.0111e-13,1.1861e-09,-2.3838e-07,2.1176e-22,0.0013947
48,0.0012398,124,124,8.1203e-16,-1.3007e-09,2.419e-07,0,6.636e-20,8.1203e-16,1.3003e-09,-2.4188e-07,-2.1176e-22,0.0012398
48,0.0010848,116,116,3.5998e-15,-1.3908e-09,2.419e-07,0,9.2459e-20,-3.5998e-15,1.3908e-09,-2.419e-07,0,0.0010848
48,0.00092983,108,108,-2.3576e-13,-1.4253e-09,2.364e-07,-1.2037e-35,9.7325e-21,-2.3576e-13,1.5272e-09,-2.419e-07,0,0.00092983
48,0.00077486,98,98,-3.6773e-28,-1.6456e-09,2.419e-07,4.5268e-09,9.2384e-11,3.2473e-25,1.6456e-09,-2.419e-07,-4.5268e-09,0.00077486
48,0.00061989,88,88,2.2749e-13,-1.8593e-09,2.419e-07,0,5.9292e-20,-2.2749e-13,1.8593e-09,-2.419e-07,0,0.00061989
48,0.00046492,76,76,-7.4666e-14,-2.1068e-09,2.4104e-07,1.2037e-35,-1.3825e-21,-7.4666e-14,2.1295e-09,-2.419e-07,0,0.00046492
48,0.00030994,62,62,3.2481e-15,-2.6014e-09,2.419e-07,0,-2.7582e-20,-3.2481e-15,2.6014e-09,-2.419e-07,0,0.00030994
48,0.00015497,44,44,9.0997e-13,-3.7186e-09,2.419e-07,0,-4.8704e-20,9.0997e-13,3.5584e-09,-2.3838e-07,0,0.00015497
48,-0.0015497,139,139,6.6092e-14,1.1357e-09,-2.3935e-07,-1.257e-33,4.8148e-35,-6.6092e-14,-1.1357e-09,2.3935e-07,0,-0.0015497
48,-0.0013947,132,132,-1.0111e-13,1.2395e-09,-2.419e-07,0,3.8887e-19,-1.0111e-13,-1.1861e-09,2.3838e-07,-2.1176e-22,-0.0013947
48,-0.0012398,124,124,8.1203e-16,1.3003e-09,-2.4188e-07,2.351e-38,-7.0819e-23,-8.1203e-16,-1.3003e-09,2.4188e-07,2.1176e-22,-0.0012398
48,-0.0010848,116,117,-3.5998e-15,1.3908e-09,-2.419e-07,-4.1359e-25,-4.6322e-23,-3.0426e-13,-1.2834e-09,2.3357e-07,0,-0.0010848
48,-0.00092983,108,108,2.3576e-13,1.4253e-09,-2.364e-07,1.2037e-35,-9.7325e-21,-2.3576e-13,-1.4253e-09,2.364e-07,-1.3235e-23,-0.00092983
48,-0.00077486,98,98,-6.0921e-27,1.6456e-09,-2.419e-07,-4.5268e-09,-9.2384e-11,-3.2473e-25,-1.6456e-09,2.419e-07,4.5268e-09,-0.00077486
48,-0.00061989,88,88,-2.2749e-13,1.8593e-09,-2.419e-07,3.3881e-21,1.4982e-20,2.2749e-13,-1.8593e-09,2.419e-07,-2.5411e-21,-0.00061989
48,-0.00046492,76,76,7.4666e-14,2.1068e-09,-2.4104e-07,0,1.3825e-21,-7.4666e-14,-2.1068e-09,2.4104e-07,0,-0.00046492
48,-0.00030994,62,62,-3.2481e-15,2.6014e-09,-2.419e-07,0,2.7582e-20,3.2481e-15,-2.6014e-09,2.419e-07,0,-0.00030994
48,-0.00015497,44,44,-9.0997e-13,3.7186e-09,-2.419e-07,0,4.8704e-20,-9.0997e-13,-3.5584e-09,2.3838e-07,0,-0.00015497
49,0.0014871,142,142,-7.4431e-14,-1.0176e-09,2.1975e-07,6.3527e-22,-1.2956e-19,-7.4431e-14,1.0599e-09,-2.2275e-07,-7.4837e-50,0.0014871
49,0.0013384,135,135,-1.3391e-13,-1.0518e-09,2.1787e-07,5.1158e-35,6.2845e-21,1.3391e-13,1.0518e-09,-2.1787e-07,-6.3527e-22,0.0013384
49,0.0011897,127,127,9.1181e-14,-1.1847e-09,2.2275e-07,0,-2.3447e-19,-9.1181e-14,1.1847e-09,-2.2275e-07,-1.3235e-23,0.0011897
49,0.001041,119,119,1.5696e-13,-1.2728e-09,2.2275e-07,0,-2.3603e-19,1.5696e-13,1.1981e-09,-2.1831e-07,-4.0625e-35,0.001041
49,0.00089227,110,110,1.2645e-13,-1.3686e-09,2.2275e-07,0,-9.1003e-20,-1.2645e-13,1.3686e-09,-2.2275e-07,0,0.00089227
49,0.00074355,101,101,-4.0014e-13,-1.3625e-09,2.1459e-07,-2.4074e-35,2.4823e-20,-4.0014e-13,1.5242e-09,-2.2275e-07,0,0.00074355
49,0.00059484,90,90,3.0129e-13,-1.6862e-09,2.2275e-07,0,-1.2338e-19,-3.0129e-13,1.6862e-09,-2.2275e-07,0,0.00059484
49,0.00044613,78,78,-4.547e-13,-1.8093e-09,2.1722e-07,0,-1.655e-21,-4.547e-13,1.9512e-09,-2.2275e-07,0,0.00044613
49,0.00029742,64,64,1.1999e-12,-2.4227e-09,2.2275e-07,0,-9.0527e-20,1.1999e-12,2.1156e-09,-2.1292e-07,0,0.00029742
49,0.00014871,45,45,1.2052e-12,-3.3724e-09,2.2275e-07,0,-9.5821e-21,-1.2052e-12,3.3724e-09,-2.2275e-07,0,0.00014871
49,-0.0014871,142,142,7.4431e-14,1.0176e-09,-2.1975e-07,-6.3527e-22,1.2956e-19,-7.4431e-14,-1.0176e-09,2.1975e-07,1.3235e-23,-0.0014871
49,-0.0013384,135,135,-1.3391e-13,1.1241e-09,-2.2275e-07,0,1.5329e-19,-1.3391e-13,-1.0518e-09,2.1787e-07,6.3527e-22,-0.0013384
49,-0.0011897,127,127,-9.1181e-14,1.1847e-09,-2.2275e-07,0,2.3447e-19,-9.1181e-14,-1.1384e-09,2.1981e-07,-1.3235e-23,-0.0011897
49,-0.001041,119,119,-1.5696e-13,1.2728e-09,-2.2275e-07,0,2.3603e-19,-1.5696e-13,-1.1981e-09,2.1831e-07,0,-0.001041
49,-0.00089227,110,111,-1.2645e-13,1.3686e-09,-2.2275e-07,0,9.1003e-20,-4.4624e-13,-1.2058e-09,2.1176e-07,0,-0.00089227
49,-0.00074355,101,101,-4.0014e-13,1.5242e-09,-2.2275e-07,0,-2.5437e-19,-4.0014e-13,-1.3625e-09,2.1459e-07,0,-0.00074355
49,-0.00059484,90,90,-3.0129e-13,1.6862e-09,-2.2275e-07,0,1.2338e-19,-3.0129e-13,-1.5777e-09,2.1787e-07,0,-0.00059484
49,-0.00044613,78,80,4.547e-13,1.8093e-09,-2.1722e-07,0,1.655e-21,-2.1294e-12,-1.402e-09,1.955e-07,0,-0.00044613
49,-0.00029742,64,64,-1.1999e-12,2.4227e-09,-2.2275e-07,0,9.0527e-20,-1.1999e-12,-2.1156e-09,2.1292e-07,-8.4703e-22,-0.00029742
49,-0.00014871,45,45,1.2052e-12,3.1554e-09,-2.1787e-07,0,-8.6877e-22,-1.2052e-12,-3.1554e-09,2.1787e-07,0,-0.00014871
50,0.0014282,145,145,-7.9498e-14,-9.1391e-10,2.0212e-07,-1.1188e-32,0,-7.9498e-14,9.6001e-10,-2.0546e-07,1.0051e-36,0.0014282
50,0.0012854,137,137,2.5519e-16,-9.9985e-10,2.0546e-07,0,-1.2909e-19,-2.5519e-16,9.9985e-10,-2.0546e-07,0,0.0012854
50,0.0011426,130,130,1.5598e-13,-1.0807e-09,2.0546e-07,0,4.0941e-19,-1.5598e-13,1.0807e-09,-2.0546e-07,0,0.0011426
50,0.00099975,121,121,-4.1435e-14,-1.1186e-09,2.0425e-07,3.0093e-36,-6.4313e-21,4.1435e-14,1.1186e-09,-2.0425e-07,-3.0093e-36,0.00099975
50,0.00085693,112,112,4.1294e-14,-1.2291e-09,2.0546e-07,0,-3.044e-21,-4.1294e-14,1.2291e-09,-2.0546e-07,-3.3087e-24,0.00085693
50,0.00071411,103,103,3.3228e-13,-1.3755e-09,2.0546e-07,0,1.3182e-20,3.3228e-13,1.2386e-09,-1.9841e-07,0,0.00071411
50,0.00057129,92,92,-3.5109e-13,-1.4027e-09,1.9952e-07,-2.4248e-35,6.8533e-21,-3.5109e-13,1.5319e-09,-2.0546e-07,0,0.00057129
50,0.00042847,80,80,-7.2138e-13,-1.5583e-09,1.9623e-07,9.6296e-35,2.6208e-20,7.2138e-13,1.5583e-09,-1.9623e-07,-9.6296e-35,0.00042847
50,0.00028564,65,65,-6.2394e-13,-1.9991e-09,2.0019e-07,0,6.1503e-22,-6.2394e-13,2.1614e-09,-2.0546e-07,1.3235e-23,0.00028564
50,0.00014282,46,46,1.4044e-12,-3.0638e-09,2.0546e-07,0,5.9822e-21,-1.4044e-12,3.0638e-09,-2.0546e-07,0,0.00014282
50,-0.0014282,145,145,7.9498e-14,9.1391e-10,-2.0212e-07,1.1188e-32,0,-7.9498e-14,-9.1391e-10,2.0212e-07,0,-0.0014282
50,-0.0012854,137,137,-2.5519e-16,9.9985e-10,-2.0546e-07,0,1.2909e-19,2.5519e-16,-9.9985e-10,2.0546e-07,0,-0.0012854
50,-0.0011426,130,130,1.5598e-13,9.9957e-10,-2.0019e-07,3.6081e-35,2.6454e-20,-1.5598e-13,-9.9957e-10,2.0019e-07,0,-0.0011426
50,-0.00099975,121,121,4.1435e-14,1.1186e-09,-2.0425e-07,-3.0093e-36,6.4313e-21,-4.1435e-14,-1.1186e-09,2.0425e-07,0,-0.00099975
50,-0.00085693,112,112,-4.1294e-14,1.2291e-09,-2.0546e-07,0,3.044e-21,-4.1294e-14,-1.2106e-09,2.0442e-07,0,-0.00085693
50,-0.00071411,103,103,-3.3228e-13,1.3755e-09,-2.0546e-07,0,-1.3182e-20,-3.3228e-13,-1.2386e-09,1.9841e-07,0,-0.00071411
50,-0.00057129,92,92,3.5109e-13,1.4027e-09,-1.9952e-07,2.4248e-35,-6.8533e-21,-3.5109e-13,-1.4027e-09,1.9952e-07,1.3235e-23,-0.00057129
50,-0.00042847,80,80,7.2138e-13,1.5583e-09,-1.9623e-07,-9.6296e-35,-2.6208e-20,-7.2138e-13,-1.5583e-09,1.9623e-07,2.647e-23,-0.00042847
50,-0.00028564,65,65,6.2394e-13,1.9991e-09,-2.0019e-07,0,-6.1503e-22,-6.2394e-13,-1.9991e-09,2.0019e-07,0,-0.00028564
50,-0.00014282,46,46,-1.4044e-12,3.0638e-09,-2.0546e-07,0,-5.9822e-21,1.4044e-12,-3.0638e-09,2.0546e-07,0,-0.00014282
