41,20,10.000000,50.000000,1.000000
10,0.056638,26,26,-8.0959e-09,-6.0239e-06,0.00024588,2.4007e-31,-3.7845e-32,-8.0959e-09,6.8659e-06,-0.00025683,0,0.056638
10,0.050974,25,25,-1.9438e-08,-5.5528e-06,0.00023253,7.3185e-33,3.8519e-34,-1.9438e-08,7.4966e-06,-0.00025683,1.0842e-19,0.050974
10,0.04531,24,24,-3.6169e-08,-4.8192e-06,0.00021516,-5.421e-20,3.2526e-19,-3.6169e-08,8.2914e-06,-0.00025683,-5.421e-20,0.04531
10,0.039647,22,22,2.2896e-08,-8.4542e-06,0.00025683,0,2.2389e-17,-2.2896e-08,8.4542e-06,-0.00025683,-1.3553e-20,0.039647
10,0.033983,20,21,-4.8848e-09,-8.3003e-06,0.00025292,0,-1.2872e-19,-5.8162e-08,9.7817e-06,-0.00025683,0,0.033983
10,0.028319,20,19,-1.1108e-07,-2.6365e-06,0.00016796,0,-2.9271e-18,-5.9521e-08,1.0519e-05,-0.00025683,6.5052e-19,0.028319
10,0.022655,17,17,7.4913e-08,-1.177e-05,0.00025683,0,1.6263e-19,-7.4913e-08,1.177e-05,-0.00025683,4.3368e-19,0.022655
10,0.016991,15,15,-1.3455e-07,-6.0326e-06,0.00019628,0,1.5992e-18,1.3455e-07,6.0326e-06,-0.00019628,0,0.016991
10,0.011328,12,12,-1.4468e-07,-9.6384e-06,0.00021516,0,-7.5891e-19,1.4468e-07,9.6384e-06,-0.00021516,0,0.011328
10,0.0056638,9,9,5.8092e-07,-2.5995e-05,0.00025683,0,-2.0058e-18,5.8092e-07,5.082e-06,-0.00016272,0,0.0056638
10,-0.056638,26,26,8.0959e-09,6.0239e-06,-0.00024588,3.1329e-30,4.7079e-31,-8.0959e-09,-6.0239e-06,0.00024588,1.3553e-20,-0.056638
10,-0.050974,25,25,-1.9438e-08,7.4966e-06,-0.00025683,4.3368e-19,-1.3525e-17,-1.9438e-08,-5.5528e-06,0.00023253,0,-0.050974
10,-0.04531,24,24,-3.6169e-08,8.2914e-06,-0.00025683,0,4.2013e-19,-3.6169e-08,-4.8192e-06,0.00021516,5.421e-20,-0.04531
10,-0.039647,22,22,-2.2896e-08,8.4542e-06,-0.00025683,0,-2.2389e-17,-2.2896e-08,-6.4394e-06,0.00023466,0,-0.039647
10,-0.033983,20,20,4.8848e-09,8.3003e-06,-0.00025292,0,1.2872e-19,-4.8848e-09,-8.3003e-06,0.00025292,1.6941e-21,-0.033983
10,-0.028319,19,19,-5.9521e-08,1.0519e-05,-0.00025683,6.5052e-19,-5.3126e-18,5.9521e-08,-1.0519e-05,0.00025683,-4.3368e-19,-0.028319
10,-0.022655,17,17,-7.4913e-08,1.177e-05,-0.00025683,4.3368e-19,-2.5479e-18,-7.4913e-08,-6.6755e-06,0.00021353,0,-0.022655
10,-0.016991,15,15,-1.3455e-07,1.4105e-05,-0.00025683,0,-1.6263e-18,-1.3455e-07,-6.0326e-06,0.00019628,0,-0.016991
10,-0.011328,12,12,-1.4468e-07,1.6583e-05,-0.00025683,0,-1.4366e-18,-1.4468e-07,-9.6384e-06,0.00021516,0,-0.011328
10,-0.0056638,9,9,-5.8092e-07,2.5995e-05,-0.00025683,0,2.0058e-18,-5.8092e-07,-5.082e-06,0.00016272,0,-0.0056638
11,0.046808,29,29,1.0037e-08,-4.4206e-06,0.00017542,0,-3.4966e-18,-1.0037e-08,4.4206e-06,-0.00017542,-6.0185e-36,0.046808
11,0.042127,27,27,2.8134e-09,-4.4325e-06,0.00017542,-2.1684e-19,1.5599e-17,2.8134e-09,4.1287e-06,-0.00017131,0,0.042127
11,0.037447,26,26,-1.3656e-08,-3.551e-06,0.00015695,0,1.288e-18,1.3656e-08,3.551e-06,-0.00015695,0,0.037447
11,0.032766,24,24,-8.2635e-09,-4.3438e-06,0.0001659,0,8.0357e-20,-8.2635e-09,5.1371e-06,-0.00017542,0,0.032766
11,0.028085,22,22,2.7573e-09,-5.3965e-06,0.00017542,0,1.587e-17,2.7573e-09,5.1538e-06,-0.00017275,3.3881e-21,0.028085
11,0.023404,21,21,3.6742e-08,-6.5975e-06,0.00017542,0,-6.9118e-18,-3.6742e-08,6.5975e-06,-0.00017542,-1.3553e-20,0.023404
11,0.018723,18,18,-6.3301e-09,-6.193e-06,0.00017131,0,1.0387e-19,-6.3301e-09,6.6488e-06,-0.00017542,0,0.018723
11,0.014042,16,17,4.2401e-08,-8.2135e-06,0.00017542,0,-2.8325e-18,-1.0258e-07,9.2041e-06,-0.00017542,0,0.014042
11,0.0093617,14,14,1.639e-07,-1.1413e-05,0.00017542,0,-5.6921e-19,-1.639e-07,1.1413e-05,-0.00017542,0,0.0093617
11,0.0046808,9,9,2.532e-08,-1.3298e-05,0.00017542,0,-1.667e-18,2.532e-08,1.2386e-05,-0.00017131,0,0.0046808
11,-0.046808,29,29,-1.0037e-08,4.4206e-06,-0.00017542,-4.9909e-32,-3.0815e-33,-1.0037e-08,-3.2563e-06,0.00015853,0,-0.046808
11,-0.042127,27,28,-2.8134e-09,4.4325e-06,-0.00017542,2.1684e-19,1.5599e-17,-1.8129e-08,-2.8229e-06,0.00014699,0,-0.042127
11,-0.037447,26,26,1.3656e-08,3.551e-06,-0.00015695,0,-1.288e-18,-1.3656e-08,-3.551e-06,0.00015695,1.3553e-20,-0.037447
11,-0.032766,24,24,8.2635e-09,4.3438e-06,-0.0001659,0,-8.0357e-20,-8.2635e-09,-4.3438e-06,0.0001659,0,-0.032766
11,-0.028085,22,22,-2.7573e-09,5.3965e-06,-0.00017542,0,-1.587e-17,-2.7573e-09,-5.1538e-06,0.00017275,0,-0.028085
11,-0.023404,21,21,-3.6742e-08,6.5975e-06,-0.00017542,0,6.9118e-18,-3.6742e-08,-3.5112e-06,0.00014301,0,-0.023404
11,-0.018723,18,18,6.3301e-09,6.193e-06,-0.00017131,0,-1.0387e-19,-6.3301e-09,-6.193e-06,0.00017131,-1.6941e-21,-0.018723
11,-0.014042,16,16,-4.2401e-08,8.2135e-06,-0.00017542,0,2.8325e-18,-4.2401e-08,-5.4999e-06,0.00015371,6.7763e-21,-0.014042
11,-0.0093617,13,13,-5.4625e-08,9.9425e-06,-0.00017542,0,-3.5237e-18,-5.4625e-08,-7.102e-06,0.00015695,-6.7763e-21,-0.0093617
11,-0.0046808,9,9,-2.532e-08,1.3298e-05,-0.00017542,0,1.667e-18,2.532e-08,-1.3298e-05,0.00017542,0,-0.0046808
12,0.039332,31,31,1.1136e-09,-2.7096e-06,0.00012385,5.6686e-31,1.8727e-32,-1.1136e-09,2.7096e-06,-0.00012385,1.625e-34,0.039332
12,0.035399,30,30,6.5098e-09,-3.0127e-06,0.00012385,-4.3368e-19,9.3241e-18,-6.5098e-09,3.0127e-06,-0.00012385,0,0.035399
12,0.031466,28,28,4.4014e-09,-3.1132e-06,0.00012385,0,-1.2089e-17,-4.4014e-09,3.1132e-06,-0.00012385,0,0.031466
12,0.027532,26,26,-2.4698e-09,-3.0045e-06,0.00012052,0,-5.8424e-19,-2.4698e-09,3.2614e-06,-0.00012385,-1.6941e-21,0.027532
12,0.023599,24,24,1.6359e-09,-3.4928e-06,0.00012385,0,5.0415e-18,1.6359e-09,3.3357e-06,-0.00012197,0,0.023599
12,0.019666,22,22,-4.0456e-09,-3.5158e-06,0.00011994,0,-9.4107e-20,4.0456e-09,3.5158e-06,-0.00011994,0,0.019666
12,0.015733,20,20,1.4647e-08,-4.5191e-06,0.00012385,0,5.1771e-18,-1.4647e-08,4.5191e-06,-0.00012385,0,0.015733
12,0.0118,17,17,4.7321e-09,-4.9643e-06,0.00012385,0,8.1315e-20,-4.7321e-09,4.9643e-06,-0.00012385,0,0.0118
12,0.0078664,14,14,1.7606e-08,-6.2265e-06,0.00012385,0,-4.8789e-19,1.7606e-08,5.2406e-06,-0.00011695,0,0.0078664
12,0.0039332,10,10,5.8588e-08,-9.0382e-06,0.00012385,0,-1.9922e-18,5.8588e-08,6.6946e-06,-0.00011214,0,0.0039332
12,-0.039332,31,31,-1.1136e-09,2.7096e-06,-0.00012385,2.1684e-19,9.9204e-18,-1.1136e-09,-2.5715e-06,0.00012171,1.2037e-35,-0.039332
12,-0.035399,30,31,-6.5098e-09,3.0127e-06,-0.00012385,6.5052e-19,9.3377e-18,-1.389e-08,-1.5153e-06,9.7157e-05,0,-0.035399
12,-0.031466,28,28,4.4014e-09,2.6203e-06,-0.00011695,0,-2.7545e-19,-4.4014e-09,-2.6203e-06,0.00011695,-6.7763e-21,-0.031466
12,-0.027532,26,27,-2.4698e-09,3.2614e-06,-0.00012385,3.3881e-21,-7.3692e-20,1.4476e-08,-3.5793e-06,0.00012385,0,-0.027532
12,-0.023599,24,24,-1.6359e-09,3.4928e-06,-0.00012385,0,-5.0415e-18,-1.6359e-09,-3.3357e-06,0.00012197,0,-0.023599
12,-0.019666,22,22,4.0456e-09,3.5158e-06,-0.00011994,0,9.4107e-20,-4.0456e-09,-3.5158e-06,0.00011994,0,-0.019666
12,-0.015733,20,20,-1.4647e-08,4.5191e-06,-0.00012385,0,-5.1771e-18,-1.4647e-08,-3.3473e-06,0.00011214,0,-0.015733
12,-0.0118,17,17,-4.7321e-09,4.9643e-06,-0.00012385,0,-8.1315e-20,-4.7321e-09,-4.6425e-06,0.00012112,-1.6941e-21,-0.0118
12,-0.0078664,14,14,-1.7606e-08,6.2265e-06,-0.00012385,0,4.8789e-19,-1.7606e-08,-5.2406e-06,0.00011695,3.3881e-21,-0.0078664
12,-0.0039332,10,10,-5.8588e-08,9.0382e-06,-0.00012385,0,1.9922e-18,5.8588e-08,-9.0382e-06,0.00012385,0,-0.0039332
13,0.033514,34,34,-2.5506e-09,-1.5319e-06,8.4025e-05,1.0422e-30,5.7164e-32,2.5506e-09,1.5319e-06,-8.4025e-05,2.5278e-34,0.033514
13,0.030162,32,32,-1.5191e-09,-1.7437e-06,8.681e-05,0,2.033e-18,1.5191e-09,1.7437e-06,-8.681e-05,-2.7105e-20,0.030162
13,0.026811,30,30,6.1324e-10,-2.0228e-06,8.9922e-05,0,-8.6939e-18,-6.1324e-10,2.0228e-06,-8.9922e-05,0,0.026811
13,0.02346,28,28,1.9509e-10,-2.1483e-06,8.9922e-05,0,-9.0192e-18,-1.9509e-10,2.1483e-06,-8.9922e-05,0,0.02346
13,0.020108,26,26,1.012e-09,-2.3408e-06,8.9922e-05,1.0842e-19,1.9651e-18,1.012e-09,2.2355e-06,-8.8553e-05,0,0.020108
13,0.016757,24,24,-4.5947e-09,-2.2038e-06,8.4629e-05,0,3.1848e-17,-4.5947e-09,2.6449e-06,-8.9922e-05,3.3881e-21,0.016757
13,0.013405,22,22,-1.4111e-08,-1.897e-06,7.6262e-05,0,-3.2825e-19,1.4111e-08,1.897e-06,-7.6262e-05,0,0.013405
13,0.010054,19,20,1.7644e-08,-3.6021e-06,8.9922e-05,0,9.6223e-19,-3.629e-08,3.9651e-06,-8.9922e-05,0,0.010054
13,0.0067027,15,15,-2.453e-09,-3.8984e-06,8.8818e-05,0,-4.9038e-20,-2.453e-09,4.0456e-06,-8.9922e-05,8.4703e-22,0.0067027
13,0.0033514,11,11,-5.6446e-08,-3.794e-06,7.6262e-05,0,8.8919e-20,5.6446e-08,3.794e-06,-7.6262e-05,0,0.0033514
13,-0.033514,34,34,-2.5506e-09,1.8788e-06,-8.9922e-05,6.4095e-31,-8.0119e-32,-2.5506e-09,-1.5319e-06,8.4025e-05,-2.5278e-34,-0.033514
13,-0.030162,32,32,1.5191e-09,1.7437e-06,-8.681e-05,0,-2.033e-18,-1.5191e-09,-1.7437e-06,8.681e-05,2.7105e-20,-0.030162
13,-0.026811,30,30,-6.1324e-10,2.0228e-06,-8.9922e-05,0,8.6939e-18,6.1324e-10,-2.0228e-06,8.9922e-05,-3.2526e-19,-0.026811
13,-0.02346,28,28,-1.9509e-10,2.1483e-06,-8.9922e-05,0,9.0192e-18,-1.9509e-10,-2.1264e-06,8.9616e-05,4.2352e-22,-0.02346
13,-0.020108,26,26,1.012e-09,2.2355e-06,-8.8553e-05,0,-9.5451e-20,-1.012e-09,-2.2355e-06,8.8553e-05,0,-0.020108
13,-0.016757,24,24,-4.5947e-09,2.6449e-06,-8.9922e-05,0,-3.5711e-18,-4.5947e-09,-2.2038e-06,8.4629e-05,0,-0.016757
13,-0.013405,22,22,1.4111e-08,1.897e-06,-7.6262e-05,0,3.2825e-19,-1.4111e-08,-1.897e-06,7.6262e-05,0,-0.013405
13,-0.010054,19,19,-1.7644e-08,3.6021e-06,-8.9922e-05,0,-9.6223e-19,-1.7644e-08,-2.2612e-06,7.7182e-05,0,-0.010054
13,-0.0067027,15,15,2.453e-09,3.8984e-06,-8.8818e-05,0,4.9039e-20,-2.453e-09,-3.8984e-06,8.8818e-05,0,-0.0067027
13,-0.0033514,11,11,-5.6446e-08,6.2777e-06,-8.9922e-05,0,-9.2835e-19,-5.6446e-08,-3.794e-06,7.6262e-05,0,-0.0033514
14,0.028897,37,37,-2.5781e-09,-9.502e-07,5.9795e-05,6.2246e-31,-8.9402e-32,2.5781e-09,9.502e-07,-5.9795e-05,-1.8357e-34,0.028897
14,0.026007,35,35,-2.5816e-09,-1.0325e-06,6.0529e-05,-6.7763e-21,-2.8757e-19,2.5816e-09,1.0325e-06,-6.0529e-05,0,0.026007
14,0.023118,33,33,2.9099e-09,-1.4786e-06,6.6854e-05,0,-2.0397e-18,2.9099e-09,1.0945e-06,-6.0516e-05,0,0.023118
14,0.020228,31,31,3.8578e-09,-1.5972e-06,6.6854e-05,0,-4.7976e-18,-3.8578e-09,1.5972e-06,-6.6854e-05,0,0.020228
14,0.017338,28,28,6.4875e-10,-1.616e-06,6.6854e-05,0,-6.6611e-18,-6.4875e-10,1.616e-06,-6.6854e-05,0,0.017338
14,0.014448,26,26,-4.0432e-09,-1.4339e-06,6.1387e-05,0,3.8135e-19,4.0432e-09,1.4339e-06,-6.1387e-05,0,0.014448
14,0.011559,23,24,2.463e-09,-2.0133e-06,6.6854e-05,0,-6.2816e-18,1.1548e-08,1.118e-06,-5.355e-05,0,0.011559
14,0.0086691,20,20,-4.5888e-09,-1.9837e-06,6.3183e-05,0,-1.2092e-19,4.5888e-09,1.9837e-06,-6.3183e-05,0,0.0086691
14,0.0057794,17,17,2.3737e-08,-3.1598e-06,6.6854e-05,0,4.0658e-20,-2.3737e-08,3.1598e-06,-6.6854e-05,0,0.0057794
14,0.0028897,12,12,4.6192e-08,-4.4532e-06,6.6854e-05,0,3.7269e-19,-4.6192e-08,4.4532e-06,-6.6854e-05,3.3881e-21,0.0028897
14,-0.028897,37,37,2.5781e-09,9.502e-07,-5.9795e-05,-1.9371e-30,-1.5168e-31,-2.5781e-09,-9.502e-07,5.9795e-05,1.8357e-34,-0.028897
14,-0.026007,35,35,2.5816e-09,1.0325e-06,-6.0529e-05,0,1.6918e-18,-2.5816e-09,-1.0325e-06,6.0529e-05,6.7763e-21,-0.026007
14,-0.023118,33,33,-2.9099e-09,1.4786e-06,-6.6854e-05,0,2.0397e-18,-2.9099e-09,-1.0945e-06,6.0516e-05,0,-0.023118
14,-0.020228,31,31,3.8578e-09,1.1188e-06,-5.9439e-05,0,-2.3543e-18,-3.8578e-09,-1.1188e-06,5.9439e-05,1.3553e-20,-0.020228
14,-0.017338,28,28,-6.4875e-10,1.616e-06,-6.6854e-05,0,6.6611e-18,6.4875e-10,-1.616e-06,6.6854e-05,0,-0.017338
14,-0.014448,26,26,4.0432e-09,1.4339e-06,-6.1387e-05,0,-3.8135e-19,-4.0432e-09,-1.4339e-06,6.1387e-05,3.3881e-21,-0.014448
14,-0.011559,23,24,-2.463e-09,2.0133e-06,-6.6854e-05,0,6.2816e-18,-1.1548e-08,-1.118e-06,5.355e-05,6.7763e-21,-0.011559
14,-0.0086691,20,20,4.5888e-09,1.9837e-06,-6.3183e-05,0,2.3649e-17,-4.5888e-09,-1.9837e-06,6.3183e-05,1.6941e-21,-0.0086691
14,-0.0057794,17,17,2.3737e-08,1.5456e-06,-5.3134e-05,0,-1.9375e-20,2.3737e-08,-3.1598e-06,6.6854e-05,0,-0.0057794
14,-0.0028897,12,12,4.6192e-08,2.2359e-06,-5.355e-05,0,2.4233e-19,4.6192e-08,-4.4532e-06,6.6854e-05,0,-0.0028897
15,0.025172,39,39,7.1075e-10,-9.0415e-07,5.0731e-05,1.65e-31,3.0815e-33,7.1075e-10,7.9328e-07,-4.8569e-05,-3.3881e-21,0.025172
15,0.022655,37,37,-7.9232e-10,-8.3589e-07,4.8562e-05,1.6941e-21,-6.7487e-19,7.9232e-10,8.3589e-07,-4.8562e-05,-2.7105e-20,0.022655
15,0.020138,35,35,-1.1538e-09,-8.5861e-07,4.7904e-05,0,-7.5612e-19,-1.1538e-09,1.0201e-06,-5.0731e-05,3.3881e-21,0.020138
15,0.017621,33,33,2.0101e-09,-1.1133e-06,5.0731e-05,0,-1.5518e-18,-2.0101e-09,1.1133e-06,-5.0731e-05,3.3881e-21,0.017621
15,0.015103,30,30,4.2884e-10,-1.1445e-06,5.0731e-05,0,-4.8925e-18,-4.2884e-10,1.1445e-06,-5.0731e-05,0,0.015103
15,0.012586,28,28,3.2772e-09,-1.3302e-06,5.0731e-05,0,-4.8315e-18,-3.2772e-09,1.3302e-06,-5.0731e-05,0,0.012586
15,0.010069,25,25,-3.8396e-09,-1.0968e-06,4.5931e-05,0,-5.9059e-19,-3.8396e-09,1.4808e-06,-5.0731e-05,5.421e-20,0.010069
15,0.0075517,22,22,-8.1045e-09,-1.0618e-06,4.2886e-05,0,-7.9757e-18,-8.1045e-09,1.775e-06,-5.0731e-05,0,0.0075517
15,0.0050345,18,18,-1.2701e-08,-1.2693e-06,4.25e-05,0,2.0842e-19,-1.2701e-08,2.1838e-06,-5.0731e-05,0,0.0050345
15,0.0025172,13,13,-3.5775e-08,-1.3614e-06,3.8639e-05,0,-8.7523e-20,3.5775e-08,1.3614e-06,-3.8639e-05,0,0.0025172
15,-0.025172,39,39,-7.1075e-10,9.0415e-07,-5.0731e-05,-1.0755e-35,1.1557e-33,-7.1075e-10,-7.9328e-07,4.8569e-05,3.3881e-21,-0.025172
15,-0.022655,37,37,-7.9232e-10,9.5316e-07,-5.0731e-05,0,-8.1527e-20,-7.9232e-10,-8.3589e-07,4.8562e-05,2.7105e-20,-0.022655
15,-0.020138,35,35,-1.1538e-09,1.0201e-06,-5.0731e-05,0,-8.1527e-20,1.1538e-09,-1.0201e-06,5.0731e-05,-1.0842e-19,-0.020138
15,-0.017621,33,33,-2.0101e-09,1.1133e-06,-5.0731e-05,0,1.5518e-18,-2.0101e-09,-8.4798e-07,4.6353e-05,0,-0.017621
15,-0.015103,30,30,-4.2884e-10,1.1445e-06,-5.0731e-05,0,4.8925e-18,4.2884e-10,-1.1445e-06,5.0731e-05,-1.0842e-19,-0.015103
15,-0.012586,28,28,3.2772e-09,9.6318e-07,-4.5592e-05,0,-2.0509e-19,-3.2772e-09,-9.6318e-07,4.5592e-05,1.0164e-20,-0.012586
15,-0.010069,25,25,-3.8396e-09,1.4808e-06,-5.0731e-05,0,4.8789e-19,-3.8396e-09,-1.0968e-06,4.5931e-05,0,-0.010069
15,-0.0075517,22,23,8.1045e-09,1.0618e-06,-4.2886e-05,0,-7.9757e-18,-1.4942e-08,-5.5401e-07,3.4922e-05,0,-0.0075517
15,-0.0050345,18,18,-1.2701e-08,2.1838e-06,-5.0731e-05,0,3.7269e-19,-1.2701e-08,-1.2693e-06,4.25e-05,3.3881e-21,-0.0050345
15,-0.0025172,13,13,-3.5775e-08,3.2217e-06,-5.0731e-05,0,-9.4868e-19,-3.5775e-08,-1.3614e-06,3.8639e-05,0,-0.0025172
16,0.022124,42,42,-8.8557e-10,-5.2285e-07,3.6064e-05,1.4505e-31,1.4685e-32,8.8557e-10,5.2285e-07,-3.6064e-05,1.5949e-34,0.022124
16,0.019912,40,40,1.1586e-09,-7.1493e-07,3.9188e-05,0,-3.4288e-18,-1.1586e-09,7.1493e-07,-3.9188e-05,1.0842e-19,0.019912
16,0.017699,37,37,-2.9387e-10,-6.771e-07,3.8384e-05,-8.4703e-22,-2.5035e-19,2.9387e-10,6.771e-07,-3.8384e-05,0,0.017699
16,0.015487,35,35,-1.0295e-09,-6.5036e-07,3.6666e-05,-1.6941e-21,-1.1456e-19,-1.0295e-09,7.9449e-07,-3.9188e-05,0,0.015487
16,0.013275,32,32,-2.9116e-10,-7.9158e-07,3.8592e-05,0,3.8965e-19,2.9116e-10,7.9158e-07,-3.8592e-05,0,0.013275
16,0.011062,30,30,2.5719e-09,-9.7373e-07,3.9188e-05,0,-3.5846e-18,-2.5719e-09,9.7373e-07,-3.9188e-05,0,0.011062
16,0.0088497,27,27,3.7996e-09,-1.1044e-06,3.9188e-05,0,-4.3741e-18,-3.7996e-09,1.1044e-06,-3.9188e-05,0,0.0088497
16,0.0066373,23,23,2.9261e-09,-1.2256e-06,3.9188e-05,0,-3.6084e-18,-2.9261e-09,1.2256e-06,-3.9188e-05,0,0.0066373
16,0.0044248,19,19,6.6948e-09,-1.5446e-06,3.9188e-05,0,4.2352e-19,6.6948e-09,1.0358e-06,-3.4355e-05,0,0.0044248
16,0.0022124,14,14,2.7167e-08,-2.3732e-06,3.9188e-05,0,-1.3891e-19,-2.7167e-08,2.3732e-06,-3.9188e-05,0,0.0022124
16,-0.022124,42,42,8.8557e-10,5.2285e-07,-3.6064e-05,3.8851e-31,2.6193e-32,-8.8557e-10,-5.2285e-07,3.6064e-05,-1.5949e-34,-0.022124
16,-0.019912,40,40,1.1586e-09,5.2956e-07,-3.5481e-05,0,-1.0236e-18,-1.1586e-09,-5.2956e-07,3.5481e-05,0,-0.019912
16,-0.017699,37,38,2.9387e-10,6.771e-07,-3.8384e-05,0,-1.599e-19,1.6737e-09,-7.7232e-07,3.9188e-05,-1.0842e-19,-0.017699
16,-0.015487,35,35,-1.0295e-09,7.9449e-07,-3.9188e-05,-1.6941e-21,-7.2633e-20,-1.0295e-09,-6.5036e-07,3.6666e-05,0,-0.015487
16,-0.013275,33,33,-2.4053e-09,8.9752e-07,-3.9188e-05,0,1.1723e-18,-2.4053e-09,-5.8001e-07,3.395e-05,0,-0.013275
16,-0.011062,30,30,-2.5719e-09,9.7373e-07,-3.9188e-05,0,3.5846e-18,2.5719e-09,-9.7373e-07,3.9188e-05,-5.421e-20,-0.011062
16,-0.0088497,27,27,-3.7996e-09,1.1044e-06,-3.9188e-05,0,1.3857e-18,3.7996e-09,-1.1044e-06,3.9188e-05,0,-0.0088497
16,-0.0066373,23,24,-2.9261e-09,1.2256e-06,-3.9188e-05,0,3.6084e-18,-8.0196e-09,-5.7531e-07,2.995e-05,-5.421e-20,-0.0066373
16,-0.0044248,19,19,-6.6948e-09,1.5446e-06,-3.9188e-05,0,-4.2352e-19,-6.6948e-09,-1.0358e-06,3.4355e-05,0,-0.0044248
16,-0.0022124,14,14,-2.7167e-08,2.3732e-06,-3.9188e-05,0,1.3891e-19,-2.7167e-08,-8.5187e-07,2.8539e-05,0,-0.0022124
17,0.019598,44,44,-1.9683e-10,-4.4281e-07,2.9988e-05,0,4.875e-34,-1.9683e-10,4.7745e-07,-3.075e-05,0,0.019598
17,0.017638,42,42,4.2683e-10,-5.1199e-07,3.075e-05,0,-7.0202e-18,4.2683e-10,4.4029e-07,-2.9244e-05,0,0.017638
17,0.015678,40,40,-8.4554e-10,-4.2231e-07,2.8044e-05,0,7.4701e-19,-8.4554e-10,5.5759e-07,-3.075e-05,0,0.015678
17,0.013719,37,37,5.0196e-10,-5.7881e-07,3.075e-05,0,-3.6693e-18,5.0196e-10,5.0452e-07,-2.9375e-05,0,0.013719
17,0.011759,34,34,2.0237e-10,-6.1211e-07,3.075e-05,0,5.3194e-19,-2.0237e-10,6.1211e-07,-3.075e-05,0,0.011759
17,0.009799,31,31,1.6634e-10,-6.6816e-07,3.075e-05,-5.421e-20,-2.6868e-18,-1.6634e-10,6.6816e-07,-3.075e-05,4.2352e-22,0.009799
17,0.0078392,28,28,9.6036e-10,-7.6799e-07,3.075e-05,0,-3.012e-18,-9.6036e-10,7.6799e-07,-3.075e-05,0,0.0078392
17,0.0058794,24,24,2.222e-10,-8.6127e-07,3.075e-05,0,1.2536e-18,2.222e-10,8.3994e-07,-3.0494e-05,0,0.0058794
17,0.0039196,20,20,3.3821e-09,-1.1152e-06,3.075e-05,0,1.2875e-18,-3.3821e-09,1.1152e-06,-3.075e-05,0,0.0039196
17,0.0019598,14,14,3.8414e-09,-1.536e-06,3.075e-05,0,-1.2197e-19,-3.8414e-09,1.536e-06,-3.075e-05,0,0.0019598
17,-0.019598,44,44,1.9683e-10,4.4281e-07,-2.9988e-05,0,-4.875e-34,-1.9683e-10,-4.4281e-07,2.9988e-05,5.9292e-21,-0.019598
17,-0.017638,42,42,4.2683e-10,4.4029e-07,-2.9244e-05,0,1.9106e-19,4.2683e-10,-5.1199e-07,3.075e-05,-5.421e-20,-0.017638
17,-0.015678,40,40,8.4554e-10,4.2231e-07,-2.8044e-05,0,-7.4701e-19,-8.4554e-10,-4.2231e-07,2.8044e-05,0,-0.015678
17,-0.013719,37,37,-5.0196e-10,5.7881e-07,-3.075e-05,0,3.6693e-18,-5.0196e-10,-5.0452e-07,2.9375e-05,1.6941e-21,-0.013719
17,-0.011759,34,34,2.0237e-10,5.8459e-07,-3.0282e-05,0,2.7892e-20,2.0237e-10,-6.1211e-07,3.075e-05,0,-0.011759
17,-0.009799,31,31,1.6634e-10,6.4753e-07,-3.043e-05,0,-1.0151e-19,1.6634e-10,-6.6816e-07,3.075e-05,-5.421e-20,-0.009799
17,-0.0078392,28,28,9.6036e-10,6.6043e-07,-2.9244e-05,0,-6.01e-20,-9.6036e-10,-6.6043e-07,2.9244e-05,8.4703e-22,-0.0078392
17,-0.0058794,24,24,2.222e-10,8.3994e-07,-3.0494e-05,0,1.0164e-20,-2.222e-10,-8.3994e-07,3.0494e-05,0,-0.0058794
17,-0.0039196,20,20,-3.3821e-09,1.1152e-06,-3.075e-05,0,-1.2875e-18,-3.3821e-09,-8.4461e-07,2.8044e-05,0,-0.0039196
17,-0.0019598,14,14,-3.8414e-09,1.536e-06,-3.075e-05,0,1.2197e-19,3.8414e-09,-1.536e-06,3.075e-05,0,-0.0019598
18,0.017481,47,47,3.2806e-10,-3.6758e-07,2.4465e-05,3.7341e-37,4.6233e-33,3.2806e-10,3.0591e-07,-2.3016e-05,-9.8168e-35,0.017481
18,0.015733,44,44,4.432e-11,-3.7328e-07,2.4465e-05,0,-4.9433e-18,4.432e-11,3.6548e-07,-2.4294e-05,6.7763e-21,0.015733
18,0.013985,42,42,3.8641e-10,-4.0997e-07,2.4465e-05,0,-5.5667e-18,3.8641e-10,3.4506e-07,-2.3102e-05,0,0.013985
18,0.012237,39,39,-2.1683e-10,-3.9566e-07,2.3806e-05,2.5411e-21,-1.4839e-19,-2.1683e-10,4.2948e-07,-2.4465e-05,-8.4703e-22,0.012237
18,0.010489,36,36,1.4362e-10,-4.5995e-07,2.4465e-05,0,-4.0759e-18,1.4362e-10,4.3927e-07,-2.4093e-05,0,0.010489
18,0.0087404,33,33,3.5517e-10,-5.0987e-07,2.4465e-05,0,-7.7249e-19,3.5517e-10,4.6299e-07,-2.3692e-05,0,0.0087404
18,0.0069924,30,30,1.2859e-09,-5.951e-07,2.4465e-05,-2.7105e-20,-1.4366e-18,-1.2859e-09,5.951e-07,-2.4465e-05,2.7105e-20,0.0069924
18,0.0052443,26,26,-1.763e-09,-5.0508e-07,2.2082e-05,0,-8.799e-18,1.763e-09,5.0508e-07,-2.2082e-05,0,0.0052443
18,0.0034962,21,21,-1.5456e-09,-6.9012e-07,2.3102e-05,0,-8.0255e-20,1.5456e-09,6.9012e-07,-2.3102e-05,0,0.0034962
18,0.0017481,15,15,5.1435e-09,-1.1902e-06,2.4465e-05,0,1.6941e-19,5.1435e-09,8.816e-07,-2.2151e-05,0,0.0017481
18,-0.017481,47,47,3.2806e-10,3.0591e-07,-2.3016e-05,0,6.7197e-33,3.2806e-10,-3.6758e-07,2.4465e-05,-1.248e-35,-0.017481
18,-0.015733,44,44,-4.432e-11,3.7328e-07,-2.4465e-05,0,4.9433e-18,-4.432e-11,-3.6548e-07,2.4294e-05,0,-0.015733
18,-0.013985,42,42,-3.8641e-10,4.0997e-07,-2.4465e-05,0,5.5667e-18,3.8641e-10,-4.0997e-07,2.4465e-05,-5.421e-20,-0.013985
18,-0.012237,39,40,2.1683e-10,3.9566e-07,-2.3806e-05,0,-1.8481e-19,9.5092e-10,-4.5847e-07,2.4465e-05,-5.421e-20,-0.012237
18,-0.010489,36,36,1.4362e-10,4.3927e-07,-2.4093e-05,0,1.6367e-19,-1.4362e-10,-4.3927e-07,2.4093e-05,-4.2352e-22,-0.010489
18,-0.0087404,33,33,3.5517e-10,4.6299e-07,-2.3692e-05,0,-2.956e-19,-3.5517e-10,-4.6299e-07,2.3692e-05,0,-0.0087404
18,-0.0069924,30,30,1.2859e-09,4.408e-07,-2.2151e-05,0,-1.285e-19,1.2859e-09,-5.951e-07,2.4465e-05,-2.7105e-20,-0.0069924
18,-0.0052443,26,26,1.763e-09,5.0508e-07,-2.2082e-05,0,-8.799e-18,-1.763e-09,-5.0508e-07,2.2082e-05,0,-0.0052443
18,-0.0034962,21,21,1.5456e-09,6.9012e-07,-2.3102e-05,0,8.0255e-20,-1.5456e-09,-6.9012e-07,2.3102e-05,-2.7105e-20,-0.0034962
18,-0.0017481,15,15,5.1435e-09,8.816e-07,-2.2151e-05,0,1.0283e-19,-5.1435e-09,-8.816e-07,2.2151e-05,0,-0.0017481
19,0.015689,49,49,4.3221e-11,-2.7095e-07,1.9707e-05,0,3.9743e-18,-4.3221e-11,2.7095e-07,-1.9707e-05,0,0.015689
19,0.01412,47,47,-2.4021e-10,-2.4943e-07,1.8646e-05,0,-4.3219e-19,-2.4021e-10,2.9459e-07,-1.9707e-05,0,0.01412
19,0.012551,44,44,1.331e-10,-3.064e-07,1.9707e-05,0,-3.9455e-18,-1.331e-10,3.064e-07,-1.9707e-05,1.5722e-33,0.012551
19,0.010982,41,41,6.3815e-11,-3.2393e-07,1.9707e-05,0,-1.1249e-18,-6.3815e-11,3.2393e-07,-1.9707e-05,0,0.010982
19,0.0094135,38,38,1.0383e-10,-3.51e-07,1.9707e-05,0,8.7244e-19,1.0383e-10,3.3522e-07,-1.9407e-05,0,0.0094135
19,0.0078446,35,35,-4.0477e-10,-3.376e-07,1.8715e-05,0,-2.6526e-19,4.0477e-10,3.376e-07,-1.8715e-05,0,0.0078446
19,0.0062757,31,31,1.2072e-10,-4.288e-07,1.9707e-05,0,-1.4925e-18,1.2072e-10,4.1383e-07,-1.9475e-05,0,0.0062757
19,0.0047068,27,27,4.6327e-10,-5.0327e-07,1.9707e-05,0,-7.3692e-19,-4.6327e-10,5.0327e-07,-1.9707e-05,0,0.0047068
19,0.0031378,22,22,-5.3241e-10,-5.6595e-07,1.9192e-05,0,-1.2384e-20,5.3241e-10,5.6595e-07,-1.9192e-05,0,0.0031378
19,0.0015689,16,16,5.1614e-09,-9.3124e-07,1.9707e-05,0,-3.1679e-19,-5.1614e-09,9.3124e-07,-1.9707e-05,0,0.0015689
19,-0.015689,49,49,-4.3221e-11,2.7095e-07,-1.9707e-05,-3.4235e-31,-8.0926e-33,-4.3221e-11,-2.6248e-07,1.95e-05,-9.7801e-36,-0.015689
19,-0.01412,47,47,2.4021e-10,2.4943e-07,-1.8646e-05,0,4.3219e-19,-2.4021e-10,-2.4943e-07,1.8646e-05,-1.6941e-21,-0.01412
19,-0.012551,44,44,1.331e-10,2.8298e-07,-1.9192e-05,0,1.24e-19,-1.331e-10,-2.8298e-07,1.9192e-05,0,-0.012551
19,-0.010982,41,41,-6.3815e-11,3.2393e-07,-1.9707e-05,0,1.1249e-18,-6.3815e-11,-3.1346e-07,1.9493e-05,0,-0.010982
19,-0.0094135,38,38,1.0383e-10,3.3522e-07,-1.9407e-05,8.4703e-22,2.6851e-18,-1.0383e-10,-3.3522e-07,1.9407e-05,0,-0.0094135
19,-0.0078446,35,35,4.0477e-10,3.376e-07,-1.8715e-05,0,2.6526e-19,-4.0477e-10,-3.376e-07,1.8715e-05,-8.4703e-22,-0.0078446
19,-0.0062757,31,31,-1.2072e-10,4.288e-07,-1.9707e-05,0,1.4925e-18,-1.2072e-10,-4.1383e-07,1.9475e-05,2.1176e-22,-0.0062757
19,-0.0047068,27,27,-4.6327e-10,5.0327e-07,-1.9707e-05,0,7.3692e-19,4.6327e-10,-5.0327e-07,1.9707e-05,-5.421e-20,-0.0047068
19,-0.0031378,22,22,5.3241e-10,5.6595e-07,-1.9192e-05,0,1.2384e-20,-5.3241e-10,-5.6595e-07,1.9192e-05,0,-0.0031378
19,-0.0015689,16,16,-5.1614e-09,9.3124e-07,-1.9707e-05,0,3.1679e-19,5.1614e-09,-9.3124e-07,1.9707e-05,0,-0.0015689
20,0.01416,52,52,1.265e-10,-2.1456e-07,1.6052e-05,0,-4.3233e-18,-1.265e-10,2.1456e-07,-1.6052e-05,-2.0159e-35,0.01416
20,0.012744,49,49,-5.3625e-11,-2.1138e-07,1.5794e-05,0,2.1652e-20,5.3625e-11,2.1138e-07,-1.5794e-05,0,0.012744
20,0.011328,47,47,-3.0229e-10,-1.8979e-07,1.4716e-05,0,-5.4388e-19,-3.0229e-10,2.4663e-07,-1.6052e-05,-1.6941e-21,0.011328
20,0.0099117,44,44,3.5775e-10,-2.6419e-07,1.6052e-05,0,-3.1154e-18,-3.5775e-10,2.6419e-07,-1.6052e-05,0,0.0099117
20,0.0084957,40,40,7.6325e-11,-2.716e-07,1.6052e-05,0,-1.4637e-18,-7.6325e-11,2.716e-07,-1.6052e-05,2.7105e-20,0.0084957
20,0.0070798,37,37,3.9235e-10,-3.0857e-07,1.6052e-05,0,-1.8923e-18,3.9235e-10,2.5051e-07,-1.4977e-05,0,0.0070798
20,0.0056638,33,33,4.1212e-10,-3.4241e-07,1.6052e-05,0,-4.9975e-19,-4.1212e-10,3.4241e-07,-1.6052e-05,0,0.0056638
20,0.0042479,29,29,-1.0686e-09,-2.8636e-07,1.4254e-05,0,-2.7925e-19,-1.0686e-09,4.1032e-07,-1.6052e-05,0,0.0042479
20,0.0028319,24,24,2.2606e-09,-5.1821e-07,1.6052e-05,0,6.0309e-19,-2.2606e-09,5.1821e-07,-1.6052e-05,0,0.0028319
20,0.001416,17,17,4.6821e-09,-7.356e-07,1.6052e-05,0,1.0164e-20,-4.6821e-09,7.356e-07,-1.6052e-05,0,0.001416
20,-0.01416,52,52,-1.265e-10,2.1456e-07,-1.6052e-05,0,4.3233e-18,1.265e-10,-2.1456e-07,1.6052e-05,2.0159e-35,-0.01416
20,-0.012744,49,49,-5.3625e-11,2.2189e-07,-1.6052e-05,-4.2352e-22,1.3235e-21,5.3625e-11,-2.2189e-07,1.6052e-05,0,-0.012744
20,-0.011328,47,47,3.0229e-10,1.8979e-07,-1.4716e-05,0,5.4388e-19,-3.0229e-10,-1.8979e-07,1.4716e-05,1.6941e-21,-0.011328
20,-0.0099117,44,44,-3.5775e-10,2.6419e-07,-1.6052e-05,0,3.1154e-18,-3.5775e-10,-2.0123e-07,1.4666e-05,0,-0.0099117
20,-0.0084957,40,40,-7.6325e-11,2.716e-07,-1.6052e-05,0,1.4637e-18,-7.6325e-11,-2.5938e-07,1.5807e-05,0,-0.0084957
20,-0.0070798,37,37,-3.9235e-10,3.0857e-07,-1.6052e-05,0,1.8923e-18,-3.9235e-10,-2.5051e-07,1.4977e-05,0,-0.0070798
20,-0.0056638,33,33,-4.1212e-10,3.4241e-07,-1.6052e-05,0,4.9975e-19,4.1212e-10,-3.4241e-07,1.6052e-05,2.7105e-20,-0.0056638
20,-0.0042479,29,29,1.0686e-09,2.8636e-07,-1.4254e-05,0,2.7926e-19,-1.0686e-09,-2.8636e-07,1.4254e-05,0,-0.0042479
20,-0.0028319,25,24,-3.9335e-09,5.5916e-07,-1.6052e-05,0,1.3891e-19,2.2606e-09,-5.1821e-07,1.6052e-05,0,-0.0028319
20,-0.001416,17,17,4.6821e-09,4.1722e-07,-1.3345e-05,0,-3.8215e-21,4.6821e-09,-7.356e-07,1.6052e-05,0,-0.001416
21,0.012843,55,55,1.5495e-10,-1.7143e-07,1.3206e-05,1.969e-31,5.2208e-33,-1.5495e-10,1.7143e-07,-1.3206e-05,0,0.012843
21,0.011559,52,52,1.4111e-10,-1.7909e-07,1.3206e-05,0,-3.5287e-18,-1.4111e-10,1.7909e-07,-1.3206e-05,1.6941e-21,0.011559
21,0.010274,49,49,-1.5324e-10,-1.5965e-07,1.247e-05,0,6.1833e-20,-1.5324e-10,1.8968e-07,-1.3206e-05,0,0.010274
21,0.0089902,46,46,-2.1724e-10,-1.6474e-07,1.2286e-05,0,3.1361e-19,-2.1724e-10,2.0471e-07,-1.3206e-05,2.1497e-33,0.0089902
21,0.0077059,42,42,5.6955e-11,-2.128e-07,1.3206e-05,0,-3.0663e-18,5.6955e-11,2.0323e-07,-1.3005e-05,0,0.0077059
21,0.0064215,39,40,3.5496e-10,-2.442e-07,1.3206e-05,0,6.844e-19,-7.2829e-10,2.5894e-07,-1.3206e-05,0,0.0064215
21,0.0051372,35,35,5.0994e-10,-2.7533e-07,1.3206e-05,-2.7105e-20,1.1113e-18,5.0994e-10,2.0394e-07,-1.1956e-05,0,0.0051372
21,0.0038529,30,30,-4.0286e-10,-2.6123e-07,1.2481e-05,0,4.0258e-20,-4.0286e-10,3.0957e-07,-1.3206e-05,8.1315e-20,0.0038529
21,0.0025686,25,25,1.4021e-09,-3.9889e-07,1.3206e-05,0,-1.2705e-19,-1.4021e-09,3.9889e-07,-1.3206e-05,-1.6941e-21,0.0025686
21,0.0012843,18,18,-4.0553e-09,-2.9445e-07,1.0578e-05,0,6.6545e-20,-4.0553e-09,5.8643e-07,-1.3206e-05,0,0.0012843
21,-0.012843,55,55,1.5495e-10,1.3734e-07,-1.2268e-05,0,4.8898e-20,1.5495e-10,-1.7143e-07,1.3206e-05,0,-0.012843
21,-0.011559,52,52,-1.4111e-10,1.7909e-07,-1.3206e-05,0,3.5287e-18,-1.4111e-10,-1.4974e-07,1.2443e-05,-1.6941e-21,-0.011559
21,-0.010274,49,49,-1.5324e-10,1.8968e-07,-1.3206e-05,-8.4703e-22,3.8116e-21,-1.5324e-10,-1.5965e-07,1.247e-05,-2.7105e-20,-0.010274
21,-0.0089902,46,46,-2.1724e-10,2.0471e-07,-1.3206e-05,0,-3.7608e-19,-2.1724e-10,-1.6474e-07,1.2286e-05,-8.4703e-22,-0.0089902
21,-0.0077059,42,42,-5.6955e-11,2.128e-07,-1.3206e-05,0,3.0663e-18,-5.6955e-11,-2.0323e-07,1.3005e-05,-2.1176e-22,-0.0077059
21,-0.0064215,39,39,-3.5496e-10,2.442e-07,-1.3206e-05,0,-6.844e-19,-3.5496e-10,-1.8882e-07,1.2126e-05,-8.4703e-22,-0.0064215
21,-0.0051372,35,35,5.0994e-10,2.0394e-07,-1.1956e-05,0,3.3418e-19,-5.0994e-10,-2.0394e-07,1.1956e-05,0,-0.0051372
21,-0.0038529,30,30,4.0286e-10,2.6123e-07,-1.2481e-05,0,-4.0258e-20,4.0286e-10,-3.0957e-07,1.3206e-05,-5.421e-20,-0.0038529
21,-0.0025686,25,25,-1.4021e-09,3.9889e-07,-1.3206e-05,0,1.2705e-19,1.4021e-09,-3.9889e-07,1.3206e-05,0,-0.0025686
21,-0.0012843,19,18,-7.0159e-09,6.4109e-07,-1.3206e-05,0,-1.2367e-19,-4.0553e-09,-2.9445e-07,1.0578e-05,0,-0.0012843
22,0.011702,57,57,4.8691e-11,-1.3193e-07,1.0963e-05,0,-5.5608e-18,-4.8691e-11,1.3193e-07,-1.0963e-05,-3.1793e-48,0.011702
22,0.010532,54,54,4.3959e-11,-1.3852e-07,1.0963e-05,0,-2.6571e-18,-4.3959e-11,1.3852e-07,-1.0963e-05,0,0.010532
22,0.0093617,51,51,6.3697e-11,-1.4764e-07,1.0963e-05,0,-1.1011e-20,-6.3697e-11,1.4764e-07,-1.0963e-05,0,0.0093617
22,0.0081915,48,48,-1.2912e-10,-1.3574e-07,1.0368e-05,0,-2.5974e-19,-1.2912e-10,1.6053e-07,-1.0963e-05,0,0.0081915
22,0.0070212,44,44,4.3084e-11,-1.6864e-07,1.0963e-05,0,-2.2065e-18,-4.3084e-11,1.6864e-07,-1.0963e-05,0,0.0070212
22,0.005851,41,41,3.1016e-10,-1.9522e-07,1.0963e-05,0,-5.997e-19,-3.1016e-10,1.9522e-07,-1.0963e-05,-2.7105e-20,0.005851
22,0.0046808,36,36,-9.8907e-11,-1.9353e-07,1.0707e-05,0,-1.1272e-19,-9.8907e-11,2.0777e-07,-1.0963e-05,0,0.0046808
22,0.0035106,31,31,4.3275e-12,-2.3595e-07,1.0963e-05,0,-8.3348e-19,-4.3275e-12,2.3595e-07,-1.0963e-05,1.3553e-20,0.0035106
22,0.0023404,26,26,-8.5352e-10,-2.2194e-07,9.8095e-06,0,8.0502e-20,-8.5352e-10,3.107e-07,-1.0963e-05,0,0.0023404
22,0.0011702,18,18,3.9563e-10,-4.1555e-07,1.0963e-05,0,-8.7244e-20,-3.9563e-10,4.1555e-07,-1.0963e-05,0,0.0011702
22,-0.011702,57,57,-4.8691e-11,1.3193e-07,-1.0963e-05,0,5.5608e-18,-4.8691e-11,-1.2083e-07,1.0647e-05,9.6861e-36,-0.011702
22,-0.010532,54,54,-4.3959e-11,1.3852e-07,-1.0963e-05,0,2.6571e-18,4.3959e-11,-1.3852e-07,1.0963e-05,-2.7105e-20,-0.010532
22,-0.0093617,51,51,6.3697e-11,1.3465e-07,-1.0632e-05,0,1.5323e-20,-6.3697e-11,-1.3465e-07,1.0632e-05,-4.2352e-22,-0.0093617
22,-0.0081915,48,48,-1.2912e-10,1.6053e-07,-1.0963e-05,0,1.2053e-18,-1.2912e-10,-1.3574e-07,1.0368e-05,0,-0.0081915
22,-0.0070212,44,44,-4.3084e-11,1.6864e-07,-1.0963e-05,0,2.2065e-18,4.3084e-11,-1.6864e-07,1.0963e-05,0,-0.0070212
22,-0.005851,41,41,-3.1016e-10,1.9522e-07,-1.0963e-05,0,5.997e-19,3.1016e-10,-1.9522e-07,1.0963e-05,2.7105e-20,-0.005851
22,-0.0046808,36,37,-9.8907e-11,2.0777e-07,-1.0963e-05,0,1.8194e-18,-5.1567e-10,-1.4666e-07,9.5515e-06,0,-0.0046808
22,-0.0035106,31,31,-4.3275e-12,2.3595e-07,-1.0963e-05,0,8.3348e-19,4.3275e-12,-2.3595e-07,1.0963e-05,-1.3553e-20,-0.0035106
22,-0.0023404,26,26,8.5352e-10,2.2194e-07,-9.8095e-06,0,-8.0502e-20,-8.5352e-10,-2.2194e-07,9.8095e-06,8.4703e-22,-0.0023404
22,-0.0011702,18,18,3.9563e-10,3.8706e-07,-1.0707e-05,0,-6.4921e-21,-3.9563e-10,-3.8706e-07,1.0707e-05,0,-0.0011702
23,0.010707,60,60,-7.0931e-11,-9.0624e-08,8.6668e-06,-3.1697e-36,-7.7053e-34,7.0931e-11,9.0624e-08,-8.6668e-06,8.4703e-22,0.010707
23,0.009636,57,57,8.62e-11,-1.1389e-07,9.1775e-06,0,-4.5791e-18,-8.62e-11,1.1389e-07,-9.1775e-06,0,0.009636
23,0.0085653,53,53,1.0621e-11,-1.1619e-07,9.1775e-06,0,1.8169e-18,1.0621e-11,1.1394e-07,-9.1179e-06,0,0.0085653
23,0.0074946,50,50,7.3589e-11,-1.2727e-07,9.1775e-06,0,1.6263e-19,-7.3589e-11,1.2727e-07,-9.1775e-06,-4.2352e-22,0.0074946
23,0.006424,46,46,-3.2997e-11,-1.2896e-07,9.0379e-06,0,4.7636e-20,-3.2997e-11,1.3503e-07,-9.1775e-06,2.1176e-22,0.006424
23,0.0053533,42,42,-4.1533e-11,-1.4102e-07,9.031e-06,0,-1.8592e-20,-4.1533e-11,1.48e-07,-9.1775e-06,0,0.0053533
23,0.0042827,38,38,1.9395e-10,-1.7084e-07,9.1775e-06,0,3.9726e-19,1.9395e-10,1.4136e-07,-8.6174e-06,0,0.0042827
23,0.003212,33,33,3.0219e-10,-1.987e-07,9.1775e-06,0,-2.8291e-19,-3.0219e-10,1.987e-07,-9.1775e-06,0,0.003212
23,0.0021413,27,27,5.0137e-10,-2.4466e-07,9.1775e-06,0,-3.3543e-19,-5.0137e-10,2.4466e-07,-9.1775e-06,0,0.0021413
23,0.0010707,19,19,7.758e-10,-3.4167e-07,9.1775e-06,0,1.0249e-19,-7.758e-10,3.4167e-07,-9.1775e-06,0,0.0010707
23,-0.010707,60,60,-7.0931e-11,1.0765e-07,-9.1775e-06,0,1.0147e-18,-7.0931e-11,-9.0624e-08,8.6668e-06,-8.4703e-22,-0.010707
23,-0.009636,57,57,-8.62e-11,1.1389e-07,-9.1775e-06,0,4.5791e-18,8.62e-11,-1.1389e-07,9.1775e-06,0,-0.009636
23,-0.0085653,53,53,-1.0621e-11,1.1619e-07,-9.1775e-06,0,-1.8169e-18,-1.0621e-11,-1.1394e-07,9.1179e-06,0,-0.0085653
23,-0.0074946,50,50,7.3589e-11,1.1256e-07,-8.8096e-06,-6.163e-33,1.5166e-19,-7.3589e-11,-1.1256e-07,8.8096e-06,4.2352e-22,-0.0074946
23,-0.006424,46,47,3.2997e-11,1.2896e-07,-9.0379e-06,0,-4.7636e-20,-2.0519e-10,-1.0446e-07,8.271e-06,0,-0.006424
23,-0.0053533,42,42,-4.1533e-11,1.48e-07,-9.1775e-06,2.7105e-20,-1.8008e-18,4.1533e-11,-1.48e-07,9.1775e-06,0,-0.0053533
23,-0.0042827,38,38,-1.9395e-10,1.7084e-07,-9.1775e-06,0,-3.9726e-19,-1.9395e-10,-1.4136e-07,8.6174e-06,0,-0.0042827
23,-0.003212,33,33,-3.0219e-10,1.987e-07,-9.1775e-06,0,2.8291e-19,-3.0219e-10,-1.5881e-07,8.5194e-06,4.2352e-22,-0.003212
23,-0.0021413,27,27,5.0137e-10,1.9051e-07,-8.4465e-06,0,5.7706e-20,-5.0137e-10,-1.9051e-07,8.4465e-06,0,-0.0021413
23,-0.0010707,19,19,-7.758e-10,3.4167e-07,-9.1775e-06,0,-1.0249e-19,-7.758e-10,-2.8271e-07,8.6174e-06,0,-0.0010707
24,0.009833,62,62,1.74e-11,-8.4674e-08,7.7409e-06,2.9582e-31,1.4329e-31,-1.74e-11,8.4674e-08,-7.7409e-06,-9.404e-38,0.009833
24,0.0088497,59,59,-3.2768e-11,-8.2313e-08,7.5128e-06,0,-9.5205e-20,-3.2768e-11,9.0046e-08,-7.7409e-06,5.421e-20,0.0088497
24,0.0078664,56,56,-6.8772e-11,-8.1884e-08,7.3096e-06,0,-2.0404e-19,-6.8772e-11,9.7289e-08,-7.7409e-06,0,0.0078664
24,0.0068831,52,52,3.859e-11,-1.0192e-07,7.7409e-06,0,-2.1015e-18,-3.859e-11,1.0192e-07,-7.7409e-06,2.7105e-20,0.0068831
24,0.0058998,48,48,-2.5561e-11,-1.0424e-07,7.6231e-06,0,-5.142e-20,2.5561e-11,1.0424e-07,-7.6231e-06,0,0.0058998
24,0.0049165,44,44,6.3213e-11,-1.21e-07,7.7409e-06,0,-1.5458e-18,-6.3213e-11,1.21e-07,-7.7409e-06,6.3527e-22,0.0049165
24,0.0039332,40,40,2.2886e-10,-1.4122e-07,7.7409e-06,0,-6.7763e-19,-2.2886e-10,1.4122e-07,-7.7409e-06,1.3553e-20,0.0039332
24,0.0029499,34,34,7.394e-11,-1.5513e-07,7.7409e-06,0,1.3383e-19,7.394e-11,1.4508e-07,-7.57e-06,0,0.0029499
24,0.0019666,28,28,2.7509e-10,-1.9458e-07,7.7409e-06,0,-7.5555e-19,2.7509e-10,1.6377e-07,-7.3096e-06,0,0.0019666
24,0.0009833,20,20,9.1543e-10,-2.8244e-07,7.7409e-06,0,3.2357e-19,9.1543e-10,2.0921e-07,-7.0086e-06,0,0.0009833
24,-0.009833,62,62,-1.74e-11,8.4674e-08,-7.7409e-06,-2.6281e-31,-6.7022e-33,-1.74e-11,-8.0359e-08,7.6071e-06,-6.3527e-22,-0.009833
24,-0.0088497,59,59,3.2768e-11,8.2313e-08,-7.5128e-06,0,9.5205e-20,3.2768e-11,-9.0046e-08,7.7409e-06,-5.421e-20,-0.0088497
24,-0.0078664,56,56,6.8772e-11,8.1884e-08,-7.3096e-06,0,2.0404e-19,-6.8772e-11,-8.1884e-08,7.3096e-06,5.421e-20,-0.0078664
24,-0.0068831,52,52,-3.859e-11,1.0192e-07,-7.7409e-06,0,2.1015e-18,-3.859e-11,-9.3891e-08,7.5322e-06,0,-0.0068831
24,-0.0058998,48,48,2.5561e-11,1.0424e-07,-7.6231e-06,0,5.142e-20,-2.5561e-11,-1.0424e-07,7.6231e-06,0,-0.0058998
24,-0.0049165,44,44,-6.3213e-11,1.21e-07,-7.7409e-06,0,1.5458e-18,-6.3213e-11,-1.0987e-07,7.4962e-06,0,-0.0049165
24,-0.0039332,40,40,-2.2886e-10,1.4122e-07,-7.7409e-06,0,6.7763e-19,-2.2886e-10,-1.046e-07,7.0086e-06,0,-0.0039332
24,-0.0029499,34,34,7.394e-11,1.4508e-07,-7.57e-06,0,1.0191e-20,-7.394e-11,-1.4508e-07,7.57e-06,0,-0.0029499
24,-0.0019666,28,28,2.7509e-10,1.6377e-07,-7.3096e-06,0,-1.7215e-20,2.7509e-10,-1.9458e-07,7.7409e-06,0,-0.0019666
24,-0.0009833,20,20,-9.1543e-10,2.8244e-07,-7.7409e-06,0,-3.2357e-19,-9.1543e-10,-2.0921e-07,7.0086e-06,-4.2352e-22,-0.0009833
25,0.0090621,65,65,3.3161e-11,-7.0307e-08,6.5747e-06,0,0,3.3161e-11,6.1685e-08,-6.2945e-06,0,0.0090621
25,0.0081559,62,62,5.452e-11,-7.5203e-08,6.5747e-06,0,-7.2591e-19,-5.452e-11,7.5203e-08,-6.5747e-06,5.421e-20,0.0081559
25,0.0072497,58,58,3.2551e-11,-7.8089e-08,6.5747e-06,0,-1.091e-18,-3.2551e-11,7.8089e-08,-6.5747e-06,0,0.0072497
25,0.0063435,54,54,1.6642e-11,-8.2368e-08,6.5747e-06,0,-1.6e-18,1.6642e-11,7.8773e-08,-6.4777e-06,0,0.0063435
25,0.0054373,50,50,2.0008e-11,-8.8997e-08,6.5747e-06,0,1.1858e-19,-2.0008e-11,8.8997e-08,-6.5747e-06,0,0.0054373
25,0.004531,46,47,7.1242e-11,-9.9655e-08,6.5747e-06,0,1.8974e-19,-1.9067e-10,1.0521e-07,-6.5747e-06,0,0.004531
25,0.0036248,41,41,-6.2852e-11,-1.0003e-07,6.3634e-06,0,6.0281e-20,6.2852e-11,1.0003e-07,-6.3634e-06,0,0.0036248
25,0.0027186,36,36,2.1729e-10,-1.3218e-07,6.5747e-06,0,-1.0563e-18,-2.1729e-10,1.3218e-07,-6.5747e-06,0,0.0027186
25,0.0018124,29,29,1.302e-10,-1.5618e-07,6.5747e-06,0,5.438e-19,-1.302e-10,1.5618e-07,-6.5747e-06,2.1176e-22,0.0018124
25,0.00090621,21,21,9.2979e-10,-2.3476e-07,6.5747e-06,0,-2.6766e-19,-9.2979e-10,2.3476e-07,-6.5747e-06,9.5285e-33,0.00090621
25,-0.0090621,65,65,3.3161e-11,6.1685e-08,-6.2945e-06,0,-3.2688e-20,-3.3161e-11,-6.1685e-08,6.2945e-06,0,-0.0090621
25,-0.0081559,62,62,-5.452e-11,7.5203e-08,-6.5747e-06,0,7.2591e-19,5.452e-11,-7.5203e-08,6.5747e-06,-5.421e-20,-0.0081559
25,-0.0072497,58,58,3.2551e-11,7.0537e-08,-6.3557e-06,0,1.8804e-21,-3.2551e-11,-7.0537e-08,6.3557e-06,0,-0.0072497
25,-0.0063435,54,54,-1.6642e-11,8.2368e-08,-6.5747e-06,0,1.6e-18,-1.6642e-11,-7.8773e-08,6.4777e-06,0,-0.0063435
25,-0.0054373,50,50,-2.0008e-11,8.8997e-08,-6.5747e-06,0,-1.1858e-19,-2.0008e-11,-8.4995e-08,6.4747e-06,0,-0.0054373
25,-0.004531,46,47,-7.1242e-11,9.9655e-08,-6.5747e-06,0,-1.8974e-19,1.9067e-10,-1.0521e-07,6.5747e-06,0,-0.004531
25,-0.0036248,41,41,6.2852e-11,1.0003e-07,-6.3634e-06,0,-6.0281e-20,-6.2852e-11,-1.0003e-07,6.3634e-06,0,-0.0036248
25,-0.0027186,36,36,2.1729e-10,1.0089e-07,-6.0115e-06,0,2.4762e-19,-2.1729e-10,-1.0089e-07,6.0115e-06,0,-0.0027186
25,-0.0018124,29,29,1.302e-10,1.4107e-07,-6.3557e-06,0,3.4025e-20,-1.302e-10,-1.4107e-07,6.3557e-06,0,-0.0018124
25,-0.00090621,21,21,-9.2979e-10,2.3476e-07,-6.5747e-06,0,2.6766e-19,-9.2979e-10,-1.5665e-07,5.7546e-06,-1.6941e-21,-0.00090621
26,0.0083784,67,67,4.6353e-12,-5.6336e-08,5.6201e-06,-9.8608e-32,1.7526e-32,-4.6353e-12,5.6336e-08,-5.6201e-06,0,0.0083784
26,0.0075406,64,64,2.3736e-11,-6.0568e-08,5.6201e-06,0,-2.295e-18,-2.3736e-11,6.0568e-08,-5.6201e-06,0,0.0075406
26,0.0067027,60,60,9.5819e-12,-6.3212e-08,5.6201e-06,0,-6.3527e-19,9.5819e-12,6.0912e-08,-5.5511e-06,2.7105e-20,0.0067027
26,0.0058649,56,56,3.0482e-12,-6.7134e-08,5.6201e-06,0,1.2218e-18,-3.0482e-12,6.7134e-08,-5.6201e-06,0,0.0058649
26,0.005027,52,52,1.5813e-11,-7.3149e-08,5.6201e-06,0,-1.5348e-18,1.5813e-11,6.986e-08,-5.5346e-06,0,0.005027
26,0.0041892,48,48,7.1792e-11,-8.2652e-08,5.6201e-06,0,-6.1622e-19,7.1792e-11,6.8868e-08,-5.2893e-06,0,0.0041892
26,0.0033514,43,43,-9.8712e-11,-7.5814e-08,5.2551e-06,0,8.627e-20,9.8712e-11,7.5814e-08,-5.2551e-06,0,0.0033514
26,0.0025135,37,37,-8.1823e-11,-9.319e-08,5.3961e-06,0,4.4522e-20,-8.1823e-11,1.053e-07,-5.6201e-06,0,0.0025135
26,0.0016757,30,30,3.8328e-11,-1.2642e-07,5.6201e-06,0,-5.4337e-19,-3.8328e-11,1.2642e-07,-5.6201e-06,0,0.0016757
26,0.00083784,22,22,-8.8197e-10,-1.1856e-07,4.7664e-06,0,-2.0516e-20,8.8197e-10,1.1856e-07,-4.7664e-06,0,0.00083784
26,-0.0083784,67,67,-4.6353e-12,5.6336e-08,-5.6201e-06,3.6781e-32,1.0187e-33,4.6353e-12,-5.6336e-08,5.6201e-06,0,-0.0083784
26,-0.0075406,64,64,-2.3736e-11,6.0568e-08,-5.6201e-06,0,2.295e-18,2.3736e-11,-6.0568e-08,5.6201e-06,0,-0.0075406
26,-0.0067027,60,60,-9.5819e-12,6.3212e-08,-5.6201e-06,0,6.3527e-19,-9.5819e-12,-6.0912e-08,5.5511e-06,-4.0658e-20,-0.0067027
26,-0.0058649,56,56,3.0482e-12,6.6451e-08,-5.601e-06,0,9.0438e-21,-3.0482e-12,-6.6451e-08,5.601e-06,0,-0.0058649
26,-0.005027,52,52,-1.5813e-11,7.3149e-08,-5.6201e-06,0,1.5348e-18,-1.5813e-11,-6.986e-08,5.5346e-06,0,-0.005027
26,-0.0041892,48,48,-7.1792e-11,8.2652e-08,-5.6201e-06,0,6.1622e-19,-7.1792e-11,-6.8868e-08,5.2893e-06,-4.2352e-22,-0.0041892
26,-0.0033514,43,43,9.8712e-11,7.5814e-08,-5.2551e-06,0,-8.627e-20,-9.8712e-11,-7.5814e-08,5.2551e-06,0,-0.0033514
26,-0.0025135,37,37,-8.1823e-11,1.053e-07,-5.6201e-06,0,6.7212e-19,-8.1823e-11,-9.319e-08,5.3961e-06,0,-0.0025135
26,-0.0016757,30,30,-3.8328e-11,1.2642e-07,-5.6201e-06,0,5.4337e-19,3.8328e-11,-1.2642e-07,5.6201e-06,0,-0.0016757
26,-0.00083784,22,22,8.8197e-10,1.1856e-07,-4.7664e-06,0,2.0516e-20,-8.8197e-10,-1.1856e-07,4.7664e-06,0,-0.00083784
27,0.0077693,70,70,1.5493e-11,-4.7471e-08,4.8326e-06,1.1093e-31,6.0474e-32,-1.5493e-11,4.7471e-08,-4.8326e-06,1.3257e-48,0.0077693
27,0.0069924,66,66,-3.8909e-12,-4.813e-08,4.7987e-06,0,-5.6044e-21,-3.8909e-12,4.9157e-08,-4.8326e-06,1.3553e-20,0.0069924
27,0.0062154,63,63,3.3923e-11,-5.3988e-08,4.8326e-06,0,-3.1065e-18,-3.3923e-11,5.3988e-08,-4.8326e-06,0,0.0062154
27,0.0054385,59,59,4.1829e-11,-5.7896e-08,4.8326e-06,0,1.5238e-18,-4.1829e-11,5.7896e-08,-4.8326e-06,0,0.0054385
27,0.0046616,54,54,1.2609e-11,-6.057e-08,4.8326e-06,0,-1.1761e-18,-1.2609e-11,6.057e-08,-4.8326e-06,0,0.0046616
27,0.0038846,50,51,6.842e-11,-6.8996e-08,4.8326e-06,0,8.4703e-20,-1.3536e-10,7.2376e-08,-4.8326e-06,0,0.0038846
27,0.0031077,44,44,8.7546e-12,-7.3735e-08,4.8326e-06,0,-9.7663e-19,-8.7546e-12,7.3735e-08,-4.8326e-06,0,0.0031077
27,0.0023308,39,39,1.5477e-10,-9.0657e-08,4.8326e-06,0,2.486e-19,-1.5477e-10,9.0657e-08,-4.8326e-06,0,0.0023308
27,0.0015539,32,32,-2.7374e-10,-7.7321e-08,4.272e-06,0,3.6634e-19,-2.7374e-10,1.1236e-07,-4.8326e-06,0,0.0015539
27,0.00077693,22,22,3.5018e-11,-1.4747e-07,4.8326e-06,0,4.3919e-19,3.5018e-11,1.4439e-07,-4.7987e-06,0,0.00077693
27,-0.0077693,70,70,-1.5493e-11,4.7471e-08,-4.8326e-06,1.3203e-36,-2.889e-34,1.5493e-11,-4.7471e-08,4.8326e-06,-1.3257e-48,-0.0077693
27,-0.0069924,66,66,3.8909e-12,4.813e-08,-4.7987e-06,0,5.6044e-21,3.8909e-12,-4.9157e-08,4.8326e-06,-1.3553e-20,-0.0069924
27,-0.0062154,63,63,-3.3923e-11,5.3988e-08,-4.8326e-06,0,3.1065e-18,-3.3923e-11,-4.544e-08,4.5633e-06,0,-0.0062154
27,-0.0054385,59,59,4.1829e-11,4.8025e-08,-4.5414e-06,0,1.2153e-19,4.1829e-11,-5.7896e-08,4.8326e-06,0,-0.0054385
27,-0.0046616,54,54,-1.2609e-11,6.057e-08,-4.8326e-06,0,1.1761e-18,-1.2609e-11,-5.7846e-08,4.7591e-06,0,-0.0046616
27,-0.0038846,50,50,-6.842e-11,6.8996e-08,-4.8326e-06,0,-8.4703e-20,-6.842e-11,-5.5312e-08,4.4905e-06,4.2352e-22,-0.0038846
27,-0.0031077,44,44,-8.7546e-12,7.3735e-08,-4.8326e-06,0,9.7663e-19,-8.7546e-12,-7.2194e-08,4.7987e-06,-5.294e-23,-0.0031077
27,-0.0023308,39,40,-1.5477e-10,9.0657e-08,-4.8326e-06,0,-2.486e-19,-2.89e-10,-4.9717e-08,3.9078e-06,0,-0.0023308
27,-0.0015539,32,33,2.7374e-10,7.7321e-08,-4.272e-06,0,-3.6634e-19,5.0691e-10,-1.1993e-07,4.8326e-06,0,-0.0015539
27,-0.00077693,22,22,-3.5018e-11,1.4747e-07,-4.8326e-06,0,-4.3919e-19,-3.5018e-11,-1.4439e-07,4.7987e-06,0,-0.00077693
28,0.0072242,73,73,2.0907e-11,-4.0194e-08,4.1784e-06,-4.9304e-32,2.0338e-31,2.0907e-11,3.4089e-08,-3.9555e-06,-1.6941e-21,0.0072242
28,0.0065018,69,69,-1.7104e-11,-3.7223e-08,4.0155e-06,0,-1.1063e-19,1.7104e-11,3.7223e-08,-4.0155e-06,3.0815e-33,0.0065018
28,0.0057794,65,65,-1.7667e-11,-3.9793e-08,4.0291e-06,0,1.7415e-20,-1.7667e-11,4.4386e-08,-4.1784e-06,0,0.0057794
28,0.005057,61,61,2.7211e-11,-4.7878e-08,4.1784e-06,0,6.933e-19,-2.7211e-11,4.7878e-08,-4.1784e-06,4.2352e-22,0.005057
28,0.0043345,56,56,-1.0137e-11,-4.8229e-08,4.1148e-06,0,-3.0075e-20,-1.0137e-11,5.0499e-08,-4.1784e-06,-1.0588e-22,0.0043345
28,0.0036121,51,51,-4.6624e-12,-5.3985e-08,4.1541e-06,0,-1.1216e-21,-4.6624e-12,5.4936e-08,-4.1784e-06,-2.647e-23,0.0036121
28,0.0028897,46,46,3.8484e-11,-6.2916e-08,4.1784e-06,0,1.207e-19,-3.8484e-11,6.2916e-08,-4.1784e-06,0,0.0028897
28,0.0021673,40,40,-7.17e-11,-6.1991e-08,3.9489e-06,0,6.3345e-20,7.17e-11,6.1991e-08,-3.9489e-06,0,0.0021673
28,0.0014448,33,33,1.8187e-10,-9.2414e-08,4.1784e-06,0,-1.2748e-19,-1.8187e-10,9.2414e-08,-4.1784e-06,0,0.0014448
28,0.00072242,23,23,1.5394e-10,-1.2583e-07,4.1784e-06,0,-3.926e-19,-1.5394e-10,1.2583e-07,-4.1784e-06,0,0.00072242
28,-0.0072242,73,73,-2.0907e-11,4.0194e-08,-4.1784e-06,-5.5755e-33,-6.8123e-34,-2.0907e-11,-3.4089e-08,3.9555e-06,1.6941e-21,-0.0072242
28,-0.0065018,69,69,1.7104e-11,3.7223e-08,-4.0155e-06,0,1.1063e-19,-1.7104e-11,-3.7223e-08,4.0155e-06,-3.0815e-33,-0.0065018
28,-0.0057794,65,65,-1.7667e-11,4.4386e-08,-4.1784e-06,8.4703e-22,-2.7568e-20,-1.7667e-11,-3.9793e-08,4.0291e-06,0,-0.0057794
28,-0.005057,61,61,-2.7211e-11,4.7878e-08,-4.1784e-06,0,-6.933e-19,-2.7211e-11,-4.1239e-08,3.9759e-06,-4.2352e-22,-0.005057
28,-0.0043345,56,56,-1.0137e-11,5.0499e-08,-4.1784e-06,0,-9.0294e-19,-1.0137e-11,-4.8229e-08,4.1148e-06,0,-0.0043345
28,-0.0036121,51,51,4.6624e-12,5.3985e-08,-4.1541e-06,0,1.1216e-21,4.6624e-12,-5.4936e-08,4.1784e-06,-2.7105e-20,-0.0036121
28,-0.0028897,46,47,-3.8484e-11,6.2916e-08,-4.1784e-06,0,-1.207e-19,-1.1495e-10,-4.4861e-08,3.6705e-06,0,-0.0028897
28,-0.0021673,40,40,7.17e-11,6.1991e-08,-3.9489e-06,0,-6.3345e-20,-7.17e-11,-6.1991e-08,3.9489e-06,0,-0.0021673
28,-0.0014448,33,33,-1.8187e-10,9.2414e-08,-4.1784e-06,0,1.2748e-19,1.8187e-10,-9.2414e-08,4.1784e-06,0,-0.0014448
28,-0.00072242,23,23,-1.5394e-10,1.2583e-07,-4.1784e-06,0,3.926e-19,1.5394e-10,-1.2583e-07,4.1784e-06,0,-0.00072242
29,0.0067346,75,75,6.9992e-12,-3.2977e-08,3.6312e-06,0,-4.3681e-18,-6.9992e-12,3.2977e-08,-3.6312e-06,7.6914e-36,0.0067346
29,0.0060611,71,71,-4.7712e-12,-3.3192e-08,3.5831e-06,-1.0588e-22,-2.0759e-20,4.7712e-12,3.3192e-08,-3.5831e-06,0,0.0060611
29,0.0053877,67,67,6.8098e-12,-3.6739e-08,3.6312e-06,0,-1.052e-18,6.8098e-12,3.4914e-08,-3.57e-06,0,0.0053877
29,0.0047142,63,63,1.7102e-11,-3.9862e-08,3.6312e-06,0,-2.356e-18,-1.7102e-11,3.9862e-08,-3.6312e-06,0,0.0047142
29,0.0040408,58,58,-8.2122e-12,-4.0467e-08,3.5759e-06,1.0588e-22,-1.5233e-20,-8.2122e-12,4.2373e-08,-3.6312e-06,0,0.0040408
29,0.0033673,53,53,1.2423e-11,-4.6553e-08,3.6312e-06,0,7.1447e-19,-1.2423e-11,4.6553e-08,-3.6312e-06,1.0588e-22,0.0033673
29,0.0026938,49,48,-1.1048e-10,-3.4968e-08,3.1006e-06,0,-1.7605e-19,-5.3626e-11,5.3865e-08,-3.6312e-06,0,0.0026938
29,0.0020204,41,41,1.5159e-11,-5.9872e-08,3.6312e-06,0,-2.0668e-19,-1.5159e-11,5.9872e-08,-3.6312e-06,0,0.0020204
29,0.0013469,34,34,1.1738e-10,-7.652e-08,3.6312e-06,0,6.0986e-20,1.1738e-10,6.0557e-08,-3.3598e-06,0,0.0013469
29,0.00067346,24,24,-2.145e-10,-8.7137e-08,3.3841e-06,0,2.0859e-21,2.145e-10,8.7137e-08,-3.3841e-06,0,0.00067346
29,-0.0067346,75,75,-6.9992e-12,3.2977e-08,-3.6312e-06,0,4.3681e-18,-6.9992e-12,-3.0877e-08,3.5524e-06,1.3382e-34,-0.0067346
29,-0.0060611,71,71,4.7712e-12,3.3192e-08,-3.5831e-06,0,6.6965e-20,-4.7712e-12,-3.3192e-08,3.5831e-06,0,-0.0060611
29,-0.0053877,67,68,-6.8098e-12,3.6739e-08,-3.6312e-06,0,1.052e-18,2.9345e-11,-3.826e-08,3.6312e-06,-2.7105e-20,-0.0053877
29,-0.0047142,63,63,-1.7102e-11,3.9862e-08,-3.6312e-06,0,2.356e-18,-1.7102e-11,-3.5552e-08,3.4954e-06,0,-0.0047142
29,-0.0040408,58,58,-8.2122e-12,4.2373e-08,-3.6312e-06,0,6.0817e-19,-8.2122e-12,-4.0467e-08,3.5759e-06,0,-0.0040408
29,-0.0033673,53,53,-1.2423e-11,4.6553e-08,-3.6312e-06,0,-7.1447e-19,-1.2423e-11,-4.3919e-08,3.5614e-06,0,-0.0033673
29,-0.0026938,49,48,1.1048e-10,3.4968e-08,-3.1006e-06,0,1.7605e-19,-5.3626e-11,-4.3569e-08,3.3841e-06,0,-0.0026938
29,-0.0020204,41,41,-1.5159e-11,5.9872e-08,-3.6312e-06,0,2.0668e-19,-1.5159e-11,-5.7386e-08,3.5802e-06,5.294e-23,-0.0020204
29,-0.0013469,34,34,-1.1738e-10,7.652e-08,-3.6312e-06,0,-6.0986e-20,-1.1738e-10,-6.0557e-08,3.3598e-06,0,-0.0013469
29,-0.00067346,24,24,2.145e-10,8.7137e-08,-3.3841e-06,0,-2.0859e-21,-2.145e-10,-8.7137e-08,3.3841e-06,2.1176e-22,-0.00067346
30,0.0062931,78,78,1.1106e-11,-2.8255e-08,3.1707e-06,1.3284e-36,2.8893e-34,1.1106e-11,2.479e-08,-3.0355e-06,0,0.0062931
30,0.0056638,74,75,1.238e-11,-2.9786e-08,3.1707e-06,0,-8.8473e-19,-2.6664e-11,3.085e-08,-3.1707e-06,0,0.0056638
30,0.0050345,70,70,1.8028e-11,-3.188e-08,3.1707e-06,0,-1.6305e-19,1.8028e-11,2.6832e-08,-2.994e-06,0,0.0050345
30,0.0044052,65,65,-1.0116e-11,-3.0766e-08,3.0852e-06,0,9.9719e-21,-1.0116e-11,3.3397e-08,-3.1707e-06,1.3553e-20,0.0044052
30,0.0037759,60,60,6.7007e-12,-3.5766e-08,3.1707e-06,0,-3.5787e-19,-6.7007e-12,3.5766e-08,-3.1707e-06,0,0.0037759
30,0.0031466,55,55,-1.6571e-11,-3.6002e-08,3.0704e-06,0,2.4517e-18,-1.6571e-11,3.9648e-08,-3.1707e-06,0,0.0031466
30,0.0025172,49,49,1.0593e-11,-4.3831e-08,3.1707e-06,0,6.3782e-19,-1.0593e-11,4.3831e-08,-3.1707e-06,0,0.0025172
30,0.0018879,43,43,-5.8144e-11,-4.2491e-08,2.9557e-06,0,-1.7398e-18,-5.8144e-11,5.2491e-08,-3.1707e-06,0,0.0018879
30,0.0012586,35,35,-7.2113e-11,-5.3663e-08,2.994e-06,0,-4.7257e-20,-7.2113e-11,6.3759e-08,-3.1707e-06,2.1176e-22,0.0012586
30,0.00062931,25,25,-2.3998e-10,-6.8553e-08,2.8707e-06,0,-3.6912e-20,-2.3998e-10,9.2551e-08,-3.1707e-06,0,0.00062931
30,-0.0062931,78,78,-1.1106e-11,2.8255e-08,-3.1707e-06,-6.6418e-36,-1.4447e-33,-1.1106e-11,-2.479e-08,3.0355e-06,0,-0.0062931
30,-0.0056638,74,75,1.238e-11,2.6122e-08,-3.0351e-06,1.5407e-33,-2.7013e-19,2.6664e-11,-3.085e-08,3.1707e-06,0,-0.0056638
30,-0.0050345,70,70,1.8028e-11,2.6832e-08,-2.994e-06,3.0815e-33,-4.0477e-19,-1.8028e-11,-2.6832e-08,2.994e-06,0,-0.0050345
30,-0.0044052,65,65,1.0116e-11,3.0766e-08,-3.0852e-06,0,-9.9719e-21,-1.0116e-11,-3.0766e-08,3.0852e-06,0,-0.0044052
30,-0.0037759,60,60,-6.7007e-12,3.5766e-08,-3.1707e-06,0,3.5787e-19,-6.7007e-12,-3.4158e-08,3.1224e-06,-1.0588e-22,-0.0037759
30,-0.0031466,55,55,1.6571e-11,3.6002e-08,-3.0704e-06,0,2.4522e-18,-1.6571e-11,-3.6002e-08,3.0704e-06,0,-0.0031466
30,-0.0025172,49,49,-1.0593e-11,4.3831e-08,-3.1707e-06,0,-6.3782e-19,-1.0593e-11,-4.1754e-08,3.1198e-06,0,-0.0025172
30,-0.0018879,43,43,-5.8144e-11,5.2491e-08,-3.1707e-06,0,-4.7519e-19,-5.8144e-11,-4.2491e-08,2.9557e-06,0,-0.0018879
30,-0.0012586,35,35,7.2113e-11,5.3663e-08,-2.994e-06,0,4.7258e-20,-7.2113e-11,-5.3663e-08,2.994e-06,0,-0.0012586
30,-0.00062931,25,25,-2.3998e-10,9.2551e-08,-3.1707e-06,0,3.0493e-20,2.3998e-10,-9.2551e-08,3.1707e-06,0,-0.00062931
31,0.0058937,80,80,2.8566e-12,-2.3479e-08,2.7809e-06,2.4012e-36,7.7648e-34,-2.8566e-12,2.3479e-08,-2.7809e-06,-2.1961e-34,0.0058937
31,0.0053043,76,76,4.4902e-12,-2.4849e-08,2.7809e-06,0,-1.1041e-18,-4.4902e-12,2.4849e-08,-2.7809e-06,0,0.0053043
31,0.0047149,72,72,1.0106e-11,-2.672e-08,2.7809e-06,0,-2.5098e-18,-1.0106e-11,2.672e-08,-2.7809e-06,0,0.0047149
31,0.0041256,67,67,-5.3066e-12,-2.6723e-08,2.7333e-06,1.0588e-22,-4.9942e-20,-5.3066e-12,2.8145e-08,-2.7809e-06,1.0588e-22,0.0041256
31,0.0035362,62,62,5.504e-12,-3.0358e-08,2.7809e-06,0,-3.151e-19,-5.504e-12,3.0358e-08,-2.7809e-06,0,0.0035362
31,0.0029468,57,57,1.8451e-11,-3.3928e-08,2.7809e-06,0,-1.4001e-18,1.8451e-11,2.9721e-08,-2.661e-06,0,0.0029468
31,0.0023575,51,51,2.3772e-11,-3.7969e-08,2.7809e-06,-1.3553e-20,-7.1235e-19,-2.3772e-11,3.7969e-08,-2.7809e-06,0,0.0023575
31,0.0017681,44,44,2.1237e-11,-4.3381e-08,2.7809e-06,0,-5.5587e-19,2.1237e-11,3.9644e-08,-2.6987e-06,0,0.0017681
31,0.0011787,36,36,-4.0424e-11,-4.7618e-08,2.6762e-06,0,-4.6067e-20,4.0424e-11,4.7618e-08,-2.6762e-06,0,0.0011787
31,0.00058937,26,26,-2.4468e-10,-5.4341e-08,2.4501e-06,0,2.3078e-20,2.4468e-10,5.4341e-08,-2.4501e-06,0,0.00058937
31,-0.0058937,80,80,-2.8566e-12,2.3479e-08,-2.7809e-06,5.8338e-32,1.1859e-33,-2.8566e-12,-2.2565e-08,2.7444e-06,3.1764e-22,-0.0058937
31,-0.0053043,76,76,-4.4902e-12,2.4849e-08,-2.7809e-06,0,1.1041e-18,-4.4902e-12,-2.3484e-08,2.7291e-06,-1.0588e-22,-0.0053043
31,-0.0047149,72,72,-1.0106e-11,2.672e-08,-2.7809e-06,0,2.5098e-18,-1.0106e-11,-2.3809e-08,2.6762e-06,0,-0.0047149
31,-0.0041256,67,67,5.3066e-12,2.6723e-08,-2.7333e-06,0,5.911e-20,-5.3066e-12,-2.6723e-08,2.7333e-06,-1.0588e-22,-0.0041256
31,-0.0035362,62,62,-5.504e-12,3.0358e-08,-2.7809e-06,0,3.151e-19,-5.504e-12,-2.8993e-08,2.7386e-06,0,-0.0035362
31,-0.0029468,57,57,-1.8451e-11,3.3928e-08,-2.7809e-06,0,1.4001e-18,1.8451e-11,-3.3928e-08,2.7809e-06,-2.0329e-20,-0.0029468
31,-0.0023575,51,51,-2.3772e-11,3.7969e-08,-2.7809e-06,6.7763e-21,-7.1172e-19,-2.3772e-11,-3.3119e-08,2.6573e-06,0,-0.0023575
31,-0.0017681,44,45,-2.1237e-11,4.3381e-08,-2.7809e-06,0,5.5587e-19,-7.9768e-11,-3.1627e-08,2.4579e-06,-6.7763e-21,-0.0017681
31,-0.0011787,36,36,4.0424e-11,4.7618e-08,-2.6762e-06,0,4.6067e-20,-4.0424e-11,-4.7618e-08,2.6762e-06,0,-0.0011787
31,-0.00058937,27,26,-4.8774e-10,8.6224e-08,-2.7809e-06,0,9.2327e-20,-2.4468e-10,-5.4341e-08,2.4501e-06,0,-0.00058937
32,0.0055311,83,83,5.8974e-12,-2.0326e-08,2.4493e-06,0,-7.9431e-19,-5.8974e-12,2.0326e-08,-2.4493e-06,-5.8776e-39,0.0055311
32,0.004978,79,79,9.0389e-12,-2.1621e-08,2.4493e-06,0,-2.0189e-18,9.0389e-12,1.8765e-08,-2.3365e-06,1.9259e-34,0.004978
32,0.0044248,74,74,-4.5917e-12,-2.1159e-08,2.399e-06,0,1.0019e-19,4.5917e-12,2.1159e-08,-2.399e-06,7.7037e-34,0.0044248
32,0.0038717,69,69,-2.0195e-12,-2.3293e-08,2.43e-06,-3.8519e-34,-1.3061e-20,-2.0195e-12,2.385e-08,-2.4493e-06,0,0.0038717
32,0.0033186,64,64,4.5493e-12,-2.5902e-08,2.4493e-06,0,-1.0099e-18,-4.5493e-12,2.5902e-08,-2.4493e-06,0,0.0033186
32,0.0027655,59,59,-1.8926e-11,-2.4698e-08,2.3175e-06,0,-5.4989e-20,1.8926e-11,2.4698e-08,-2.3175e-06,0,0.0027655
32,0.0022124,53,53,3.0764e-11,-3.2982e-08,2.4493e-06,0,4.6926e-19,3.0764e-11,2.6461e-08,-2.2764e-06,0,0.0022124
32,0.0016593,46,46,4.5721e-11,-3.8301e-08,2.4493e-06,0,6.9245e-20,-4.5721e-11,3.8301e-08,-2.4493e-06,0,0.0016593
32,0.0011062,37,37,-1.8367e-11,-4.2319e-08,2.399e-06,0,9.9938e-21,-1.8367e-11,4.5037e-08,-2.4493e-06,0,0.0011062
32,0.00055311,27,27,2.3748e-10,-6.9025e-08,2.4493e-06,0,-8.6609e-20,2.3748e-10,4.3378e-08,-2.103e-06,3.3881e-21,0.00055311
32,-0.0055311,83,83,-5.8974e-12,2.0326e-08,-2.4493e-06,-2.0228e-36,-5.7333e-34,-5.8974e-12,-1.8368e-08,2.368e-06,2.1176e-22,-0.0055311
32,-0.004978,79,79,9.0389e-12,1.8765e-08,-2.3365e-06,7.7037e-34,1.5722e-19,-9.0389e-12,-1.8765e-08,2.3365e-06,0,-0.004978
32,-0.0044248,74,74,-4.5917e-12,2.2519e-08,-2.4493e-06,0,6.9139e-19,-4.5917e-12,-2.1159e-08,2.399e-06,1.0588e-22,-0.0044248
32,-0.0038717,69,69,2.0195e-12,2.3293e-08,-2.43e-06,3.8519e-34,1.3061e-20,-2.0195e-12,-2.3293e-08,2.43e-06,0,-0.0038717
32,-0.0033186,64,64,-4.5493e-12,2.5902e-08,-2.4493e-06,0,1.0099e-18,-4.5493e-12,-2.4737e-08,2.412e-06,5.294e-23,-0.0033186
32,-0.0027655,59,59,-1.8926e-11,2.9164e-08,-2.4493e-06,0,-7.7482e-19,1.8926e-11,-2.9164e-08,2.4493e-06,0,-0.0027655
32,-0.0022124,53,53,3.0764e-11,2.6461e-08,-2.2764e-06,0,-1.4578e-20,-3.0764e-11,-2.6461e-08,2.2764e-06,2.1176e-22,-0.0022124
32,-0.0016593,46,46,-4.5721e-11,3.8301e-08,-2.4493e-06,0,-6.9245e-20,-4.5721e-11,-2.9888e-08,2.2558e-06,0,-0.0016593
32,-0.0011062,37,37,-1.8367e-11,4.5037e-08,-2.4493e-06,0,2.9604e-19,-1.8367e-11,-4.2319e-08,2.399e-06,0,-0.0011062
32,-0.00055311,27,27,-2.3748e-10,6.9025e-08,-2.4493e-06,0,8.6609e-20,-2.3748e-10,-4.3378e-08,2.103e-06,-3.3881e-21,-0.00055311
33,0.0052009,85,85,8.3944e-13,-1.708e-08,2.1656e-06,0,1.9511e-18,-8.3944e-13,1.708e-08,-2.1656e-06,-5.5343e-35,0.0052009
33,0.0046808,81,81,3.8592e-12,-1.8241e-08,2.1656e-06,0,-3.6763e-18,3.8592e-12,1.699e-08,-2.115e-06,0,0.0046808
33,0.0041607,76,76,-7.911e-13,-1.8836e-08,2.1565e-06,0,-1.4648e-20,7.911e-13,1.8836e-08,-2.1565e-06,0,0.0041607
33,0.0036406,72,72,1.1335e-11,-2.114e-08,2.1656e-06,0,-1.9378e-18,-1.1335e-11,2.114e-08,-2.1656e-06,0,0.0036406
33,0.0031206,66,66,-3.7824e-12,-2.1209e-08,2.1327e-06,0,-5.448e-21,-3.7824e-12,2.2208e-08,-2.1656e-06,5.833e-32,0.0031206
33,0.0026005,61,61,-1.8553e-11,-2.065e-08,2.0275e-06,0,-1.0714e-20,-1.8553e-11,2.5177e-08,-2.1656e-06,0,0.0026005
33,0.0020804,54,54,8.6832e-12,-2.7361e-08,2.1656e-06,0,-5.2474e-19,8.6832e-12,2.5486e-08,-2.115e-06,0,0.0020804
33,0.0015603,47,47,2.1112e-11,-3.2041e-08,2.1656e-06,0,2.1006e-19,2.1112e-11,2.8072e-08,-2.0723e-06,0,0.0015603
33,0.0010402,39,38,-7.4932e-11,-2.9226e-08,1.9377e-06,0,6.3867e-20,3.1644e-12,3.7673e-08,-2.1565e-06,0,0.0010402
33,0.00052009,27,27,3.4733e-11,-5.4722e-08,2.1656e-06,0,-8.1527e-20,3.4733e-11,5.0971e-08,-2.115e-06,0,0.00052009
33,-0.0052009,85,85,-8.3944e-13,1.708e-08,-2.1656e-06,1.4586e-36,-3.6864e-34,-8.3944e-13,-1.6795e-08,2.1535e-06,5.294e-23,-0.0052009
33,-0.0046808,81,81,-3.8592e-12,1.8241e-08,-2.1656e-06,0,3.6763e-18,-3.8592e-12,-1.699e-08,2.115e-06,0,-0.0046808
33,-0.0041607,76,76,7.911e-13,1.8836e-08,-2.1565e-06,4.0829e-34,3.0093e-36,-7.911e-13,-1.8836e-08,2.1565e-06,-1.3235e-23,-0.0041607
33,-0.0036406,72,72,-1.1335e-11,2.114e-08,-2.1656e-06,0,1.9378e-18,-1.1335e-11,-1.7876e-08,2.0481e-06,0,-0.0036406
33,-0.0031206,66,66,3.7824e-12,2.1209e-08,-2.1327e-06,1.6941e-21,-5.3532e-19,-3.7824e-12,-2.1209e-08,2.1327e-06,1.0588e-22,-0.0031206
33,-0.0026005,61,61,-1.8553e-11,2.5177e-08,-2.1656e-06,0,-3.5639e-19,-1.8553e-11,-2.065e-08,2.0275e-06,0,-0.0026005
33,-0.0020804,54,54,-8.6832e-12,2.7361e-08,-2.1656e-06,0,5.2474e-19,-8.6832e-12,-2.5486e-08,2.115e-06,0,-0.0020804
33,-0.0015603,47,48,-2.1112e-11,3.2041e-08,-2.1656e-06,0,-2.1006e-19,-5.8163e-11,-2.2633e-08,1.8976e-06,4.2352e-22,-0.0015603
33,-0.0010402,38,38,3.1644e-12,3.7673e-08,-2.1565e-06,0,1.2257e-21,-3.1644e-12,-3.7673e-08,2.1565e-06,0,-0.0010402
33,-0.00052009,27,27,-3.4733e-11,5.4722e-08,-2.1656e-06,0,8.1527e-20,-3.4733e-11,-5.0971e-08,2.115e-06,0,-0.00052009
34,0.0048995,88,88,3.0754e-12,-1.492e-08,1.9219e-06,0,4.6883e-19,3.0754e-12,1.3838e-08,-1.8742e-06,0,0.0048995
34,0.0044095,83,83,2.3362e-13,-1.5462e-08,1.9219e-06,0,-6.3316e-19,-2.3362e-13,1.5462e-08,-1.9219e-06,-1.3553e-20,0.0044095
34,0.0039196,79,79,-6.0479e-12,-1.4944e-08,1.8464e-06,0,-1.0519e-19,-6.0479e-12,1.6855e-08,-1.9219e-06,0,0.0039196
34,0.0034296,74,74,7.8432e-12,-1.8088e-08,1.9219e-06,0,-5.3575e-19,7.8432e-12,1.5766e-08,-1.836e-06,0,0.0034296
34,0.0029397,68,68,-3.1621e-12,-1.8268e-08,1.8926e-06,0,1.132e-20,3.1621e-12,1.8268e-08,-1.8926e-06,0,0.0029397
34,0.0024497,63,62,1.7688e-11,-2.1823e-08,1.9219e-06,0,-1.2246e-18,-2.599e-12,2.088e-08,-1.9219e-06,0,0.0024497
34,0.0019598,56,56,-1.5006e-11,-2.0638e-08,1.8277e-06,0,-4.4521e-20,-1.5006e-11,2.4e-08,-1.9219e-06,8.4461e-32,0.0019598
34,0.0014698,48,48,3.4718e-12,-2.6915e-08,1.9219e-06,0,-2.1642e-19,-3.4718e-12,2.6915e-08,-1.9219e-06,0,0.0014698
34,0.0009799,40,40,-5.2846e-11,-2.6394e-08,1.7528e-06,0,4.6688e-20,5.2846e-11,2.6394e-08,-1.7528e-06,0,0.0009799
34,0.00048995,28,28,6.0022e-11,-4.7999e-08,1.9219e-06,0,-1.8825e-19,6.0022e-11,4.1277e-08,-1.8277e-06,6.7763e-21,0.00048995
34,-0.0048995,88,88,-3.0754e-12,1.492e-08,-1.9219e-06,0,-4.6883e-19,-3.0754e-12,-1.3838e-08,1.8742e-06,0,-0.0048995
34,-0.0044095,83,83,-2.3362e-13,1.5462e-08,-1.9219e-06,0,6.3316e-19,2.3362e-13,-1.5462e-08,1.9219e-06,1.3553e-20,-0.0044095
34,-0.0039196,79,79,6.0479e-12,1.4944e-08,-1.8464e-06,0,1.0519e-19,-6.0479e-12,-1.4944e-08,1.8464e-06,0,-0.0039196
34,-0.0034296,74,74,7.8432e-12,1.5766e-08,-1.836e-06,7.7037e-34,-1.7114e-19,-7.8432e-12,-1.5766e-08,1.836e-06,2.1176e-22,-0.0034296
34,-0.0029397,68,68,3.1621e-12,1.8268e-08,-1.8926e-06,0,-1.132e-20,-3.1621e-12,-1.8268e-08,1.8926e-06,1.0588e-22,-0.0029397
34,-0.0024497,62,62,2.599e-12,2.0235e-08,-1.9019e-06,0,-3.0709e-18,-2.599e-12,-2.0235e-08,1.9019e-06,0,-0.0024497
34,-0.0019598,56,56,1.5006e-11,2.0638e-08,-1.8277e-06,0,4.4521e-20,-1.5006e-11,-2.0638e-08,1.8277e-06,2.1176e-22,-0.0019598
34,-0.0014698,48,48,-3.4718e-12,2.6915e-08,-1.9219e-06,0,2.1642e-19,-3.4718e-12,-2.6248e-08,1.9059e-06,0,-0.0014698
34,-0.0009799,40,40,5.2846e-11,2.6394e-08,-1.7528e-06,0,-4.6688e-20,-5.2846e-11,-2.6394e-08,1.7528e-06,-3.3881e-21,-0.0009799
34,-0.00048995,28,28,6.0022e-11,4.1277e-08,-1.8277e-06,0,-3.7563e-21,-6.0022e-11,-4.1277e-08,1.8277e-06,-6.7763e-21,-0.00048995
35,0.0046235,91,91,4.4041e-12,-1.3072e-08,1.7115e-06,0,1.7364e-20,-4.4041e-12,1.3072e-08,-1.7115e-06,-4.0391e-36,0.0046235
35,0.0041612,86,86,3.1888e-12,-1.3633e-08,1.7115e-06,0,-4.8747e-19,-3.1888e-12,1.3633e-08,-1.7115e-06,2.0329e-20,0.0041612
35,0.0036988,81,81,3.0762e-12,-1.4418e-08,1.7115e-06,0,-2.9051e-18,-3.0762e-12,1.4418e-08,-1.7115e-06,0,0.0036988
35,0.0032365,76,76,5.2749e-12,-1.5547e-08,1.7115e-06,0,-6.736e-19,-5.2749e-12,1.5547e-08,-1.7115e-06,0,0.0032365
35,0.0027741,70,70,-2.6573e-12,-1.5804e-08,1.6854e-06,0,5.9662e-20,-2.6573e-12,1.6548e-08,-1.7115e-06,0,0.0027741
35,0.0023118,64,64,4.4612e-12,-1.8208e-08,1.7115e-06,0,-7.0367e-19,-4.4612e-12,1.8208e-08,-1.7115e-06,-5.294e-23,0.0023118
35,0.0018494,57,57,1.1651e-12,-2.0106e-08,1.7115e-06,0,-8.788e-19,-1.1651e-12,2.0106e-08,-1.7115e-06,0,0.0018494
35,0.0013871,50,50,1.8796e-11,-2.4072e-08,1.7115e-06,0,3.0281e-20,-1.8796e-11,2.4072e-08,-1.7115e-06,0,0.0013871
35,0.0009247,41,41,-3.6396e-11,-2.3849e-08,1.5891e-06,0,3.4907e-20,3.6396e-11,2.3849e-08,-1.5891e-06,0,0.0009247
35,0.00046235,30,29,1.892e-10,-4.56e-08,1.7115e-06,0,-1.4992e-19,7.3915e-11,3.3628e-08,-1.5871e-06,0,0.00046235
35,-0.0046235,91,91,4.4041e-12,1.1469e-08,-1.6385e-06,0,1.2808e-33,-4.4041e-12,-1.1469e-08,1.6385e-06,0,-0.0046235
35,-0.0041612,86,86,-3.1888e-12,1.3633e-08,-1.7115e-06,0,4.8747e-19,3.1888e-12,-1.3633e-08,1.7115e-06,-2.0329e-20,-0.0041612
35,-0.0036988,81,81,-3.0762e-12,1.4418e-08,-1.7115e-06,0,2.9051e-18,-3.0762e-12,-1.3422e-08,1.6711e-06,0,-0.0036988
35,-0.0032365,76,76,-5.2749e-12,1.5547e-08,-1.7115e-06,0,6.736e-19,-5.2749e-12,-1.3944e-08,1.6505e-06,0,-0.0032365
35,-0.0027741,70,70,2.6573e-12,1.5804e-08,-1.6854e-06,0,-5.9662e-20,-2.6573e-12,-1.5804e-08,1.6854e-06,0,-0.0027741
35,-0.0023118,64,64,-4.4612e-12,1.8208e-08,-1.7115e-06,0,7.0367e-19,-4.4612e-12,-1.7066e-08,1.6749e-06,0,-0.0023118
35,-0.0018494,57,57,-1.1651e-12,2.0106e-08,-1.7115e-06,6.7763e-21,-4.1462e-19,-1.1651e-12,-1.984e-08,1.7039e-06,0,-0.0018494
35,-0.0013871,50,50,1.8796e-11,2.0313e-08,-1.6175e-06,0,3.8736e-20,-1.8796e-11,-2.0313e-08,1.6175e-06,0,-0.0013871
35,-0.0009247,41,41,3.6396e-11,2.3849e-08,-1.5891e-06,0,-3.4907e-20,-3.6396e-11,-2.3849e-08,1.5891e-06,0,-0.0009247
35,-0.00046235,29,29,7.3915e-11,3.3628e-08,-1.5871e-06,0,1.9316e-20,-7.3915e-11,-3.3628e-08,1.5871e-06,0,-0.00046235
36,0.0043702,93,93,1.5276e-12,-1.1151e-08,1.5291e-06,0,2.6978e-19,-1.5276e-12,1.1151e-08,-1.5291e-06,6.7763e-21,0.0043702
36,0.0039332,88,88,6.925e-13,-1.1665e-08,1.5291e-06,0,3.7629e-19,-6.925e-13,1.1665e-08,-1.5291e-06,1.3553e-20,0.0039332
36,0.0034962,83,83,-9.5325e-13,-1.2071e-08,1.5159e-06,0,1.4145e-20,9.5325e-13,1.2071e-08,-1.5159e-06,0,0.0034962
36,0.0030592,78,78,-3.3879e-12,-1.2364e-08,1.4878e-06,0,-1.2331e-20,-3.3879e-12,1.3421e-08,-1.5291e-06,1.0588e-22,0.0030592
36,0.0026221,72,72,2.244e-12,-1.4373e-08,1.5291e-06,0,-1.3959e-18,-2.244e-12,1.4373e-08,-1.5291e-06,0,0.0026221
36,0.0021851,66,66,-5.5496e-12,-1.4468e-08,1.4807e-06,0,-7.9934e-21,-5.5496e-12,1.5934e-08,-1.5291e-06,1.3553e-20,0.0021851
36,0.0017481,59,59,-6.4726e-12,-1.6259e-08,1.484e-06,0,-1.8806e-20,6.4726e-12,1.6259e-08,-1.484e-06,0,0.0017481
36,0.0013111,52,51,2.7546e-11,-2.1513e-08,1.5291e-06,0,-4.0022e-19,6.4913e-12,1.9105e-08,-1.4953e-06,0,0.0013111
36,0.00087404,42,42,2.415e-11,-2.5623e-08,1.5291e-06,0,-3.4792e-19,-2.415e-11,2.5623e-08,-1.5291e-06,0,0.00087404
36,0.00043702,30,30,8.0367e-11,-3.7194e-08,1.5291e-06,0,-1.4167e-19,8.0367e-11,2.755e-08,-1.3844e-06,0,0.00043702
36,-0.0043702,93,93,-1.5276e-12,1.1151e-08,-1.5291e-06,0,-2.6978e-19,1.5276e-12,-1.1151e-08,1.5291e-06,-6.7763e-21,-0.0043702
36,-0.0039332,88,88,-6.925e-13,1.1665e-08,-1.5291e-06,0,-3.7629e-19,6.925e-13,-1.1665e-08,1.5291e-06,-1.3553e-20,-0.0039332
36,-0.0034962,83,83,9.5325e-13,1.2071e-08,-1.5159e-06,0,-1.4145e-20,-9.5325e-13,-1.2071e-08,1.5159e-06,0,-0.0034962
36,-0.0030592,78,78,3.3879e-12,1.2364e-08,-1.4878e-06,3.8519e-34,1.2331e-20,3.3879e-12,-1.3421e-08,1.5291e-06,-2.0329e-20,-0.0030592
36,-0.0026221,72,72,-2.244e-12,1.4373e-08,-1.5291e-06,0,1.3959e-18,2.244e-12,-1.4373e-08,1.5291e-06,0,-0.0026221
36,-0.0021851,66,66,5.5496e-12,1.4468e-08,-1.4807e-06,0,7.9934e-21,-5.5496e-12,-1.4468e-08,1.4807e-06,0,-0.0021851
36,-0.0017481,59,59,-6.4726e-12,1.7787e-08,-1.5291e-06,0,-4.898e-19,6.4726e-12,-1.7787e-08,1.5291e-06,-3.3881e-21,-0.0017481
36,-0.0013111,51,52,6.4913e-12,1.9105e-08,-1.4953e-06,0,1.5616e-21,-2.7546e-11,-1.5784e-08,1.3801e-06,6.7763e-21,-0.0013111
36,-0.00087404,42,42,-2.415e-11,2.5623e-08,-1.5291e-06,0,3.4792e-19,2.415e-11,-2.5623e-08,1.5291e-06,0,-0.00087404
36,-0.00043702,30,30,8.0367e-11,2.755e-08,-1.3844e-06,0,-8.0312e-21,-8.0367e-11,-2.755e-08,1.3844e-06,0,-0.00043702
37,0.0041372,96,96,2.5616e-12,-9.8442e-09,1.3703e-06,0,5.5809e-19,2.5616e-12,8.8605e-09,-1.3231e-06,4.2352e-22,0.0041372
37,0.0037235,91,91,-2.5877e-12,-9.4112e-09,1.3275e-06,-2.1176e-22,1.307e-19,-2.5877e-12,1.0353e-08,-1.3703e-06,-6.7763e-21,0.0037235
37,0.0033097,86,86,-3.7631e-12,-9.7598e-09,1.3147e-06,1.3891e-34,2.6331e-36,-3.7631e-12,1.1054e-08,-1.3703e-06,0,0.0033097
37,0.002896,80,80,-2.0053e-12,-1.0992e-08,1.3447e-06,0,-3.2429e-20,2.0053e-12,1.0992e-08,-1.3447e-06,-1.9259e-34,0.002896
37,0.0024823,74,74,1.9039e-12,-1.2533e-08,1.3703e-06,0,-3.8784e-19,-1.9039e-12,1.2533e-08,-1.3703e-06,0,0.0024823
37,0.0020686,68,68,6.1133e-12,-1.3989e-08,1.3703e-06,0,-4.4099e-19,-6.1133e-12,1.3989e-08,-1.3703e-06,6.7763e-21,0.0020686
37,0.0016549,61,61,-9.7099e-12,-1.3397e-08,1.2981e-06,0,-5.6075e-21,9.7099e-12,1.3397e-08,-1.2981e-06,0,0.0016549
37,0.0012412,53,53,1.5948e-11,-1.8364e-08,1.3703e-06,0,2.6322e-19,1.5948e-11,1.4983e-08,-1.2807e-06,0,0.0012412
37,0.00082744,43,43,-1.5053e-11,-1.952e-08,1.3147e-06,0,1.3155e-20,-1.5053e-11,2.2109e-08,-1.3703e-06,0,0.00082744
37,0.00041372,31,31,-8.2021e-11,-2.2689e-08,1.2127e-06,0,5.0055e-20,-8.2021e-11,3.286e-08,-1.3703e-06,0,0.00041372
37,-0.0041372,96,96,-2.5616e-12,9.8442e-09,-1.3703e-06,-1.459e-31,-1.9342e-33,-2.5616e-12,-8.8605e-09,1.3231e-06,-4.2352e-22,-0.0041372
37,-0.0037235,91,91,-2.5877e-12,1.0353e-08,-1.3703e-06,0,-6.3395e-21,2.5877e-12,-1.0353e-08,1.3703e-06,6.7763e-21,-0.0037235
37,-0.0033097,86,86,-3.7631e-12,1.1054e-08,-1.3703e-06,0,3.8784e-19,-3.7631e-12,-9.7598e-09,1.3147e-06,0,-0.0033097
37,-0.002896,80,80,-2.0053e-12,1.1633e-08,-1.3703e-06,-1.5882e-22,6.9831e-21,2.0053e-12,-1.1633e-08,1.3703e-06,0,-0.002896
37,-0.0024823,74,74,-1.9039e-12,1.2533e-08,-1.3703e-06,0,3.8784e-19,-1.9039e-12,-1.197e-08,1.3495e-06,5.294e-23,-0.0024823
37,-0.0020686,68,68,-6.1133e-12,1.3989e-08,-1.3703e-06,0,4.4099e-19,-6.1133e-12,-1.2326e-08,1.3138e-06,0,-0.0020686
37,-0.0016549,61,61,9.7099e-12,1.3397e-08,-1.2981e-06,0,5.6075e-21,-9.7099e-12,-1.3397e-08,1.2981e-06,0,-0.0016549
37,-0.0012412,53,53,-1.5948e-11,1.8364e-08,-1.3703e-06,0,-2.6322e-19,-1.5948e-11,-1.4983e-08,1.2807e-06,0,-0.0012412
37,-0.00082744,43,43,-1.5053e-11,2.2109e-08,-1.3703e-06,0,-2.2531e-19,-1.5053e-11,-1.952e-08,1.3147e-06,0,-0.00082744
37,-0.00041372,31,31,-8.2021e-11,3.286e-08,-1.3703e-06,0,9.8256e-20,-8.2021e-11,-2.2689e-08,1.2127e-06,0,-0.00041372
38,0.0039223,98,98,6.7533e-13,-8.4671e-09,1.2317e-06,0,8.1622e-19,-6.7533e-13,8.4671e-09,-1.2317e-06,1.8808e-37,0.0039223
38,0.0035301,93,93,-8.3834e-13,-8.6214e-09,1.2172e-06,4.8148e-35,-1.2911e-20,-8.3834e-13,8.9333e-09,-1.2317e-06,6.7763e-21,0.0035301
38,0.0031378,88,88,-2.0797e-12,-8.843e-09,1.1995e-06,0,-1.2489e-20,2.0797e-12,8.843e-09,-1.1995e-06,0,0.0031378
38,0.0027456,82,82,9.9711e-13,-1.0123e-08,1.2317e-06,0,-1.2795e-18,-9.9711e-13,1.0123e-08,-1.2317e-06,0,0.0027456
38,0.0023534,76,76,-1.6224e-12,-1.0476e-08,1.213e-06,0,-3.0039e-20,1.6224e-12,1.0476e-08,-1.213e-06,3.8028e-46,0.0023534
38,0.0019612,70,70,6.3245e-12,-1.2321e-08,1.2317e-06,0,-6.3633e-20,-6.3245e-12,1.2321e-08,-1.2317e-06,-1.0588e-22,0.0019612
38,0.0015689,62,62,1.8863e-12,-1.34e-08,1.2317e-06,0,-1.3976e-19,1.8863e-12,1.2932e-08,-1.2172e-06,0,0.0015689
38,0.0011767,54,54,7.2386e-12,-1.5727e-08,1.2317e-06,0,-2.9689e-19,-7.2386e-12,1.5727e-08,-1.2317e-06,0,0.0011767
38,0.00078446,44,44,8.3188e-12,-1.915e-08,1.2317e-06,0,-2.4659e-19,-8.3188e-12,1.915e-08,-1.2317e-06,0,0.00078446
38,0.00039223,31,31,7.5451e-12,-2.68e-08,1.2317e-06,0,-9.328e-20,7.5451e-12,2.5864e-08,-1.2172e-06,0,0.00039223
38,-0.0039223,98,98,-6.7533e-13,8.4671e-09,-1.2317e-06,0,0,-6.7533e-13,-8.2024e-09,1.2187e-06,7.0871e-35,-0.0039223
38,-0.0035301,93,93,8.3834e-13,8.6214e-09,-1.2172e-06,-4.8148e-35,1.2911e-20,8.3834e-13,-8.9333e-09,1.2317e-06,-6.7763e-21,-0.0035301
38,-0.0031378,88,88,-2.0797e-12,9.575e-09,-1.2317e-06,0,-3.0017e-19,2.0797e-12,-9.575e-09,1.2317e-06,-6.7763e-21,-0.0031378
38,-0.0027456,82,82,-9.9711e-13,1.0123e-08,-1.2317e-06,0,1.2795e-18,-9.9711e-13,-9.7957e-09,1.2183e-06,2.647e-23,-0.0027456
38,-0.0023534,76,76,-1.6224e-12,1.0969e-08,-1.2317e-06,0,4.899e-19,-1.6224e-12,-1.0476e-08,1.213e-06,0,-0.0023534
38,-0.0019612,70,70,-6.3245e-12,1.2321e-08,-1.2317e-06,0,6.3633e-20,-6.3245e-12,-1.055e-08,1.1697e-06,0,-0.0019612
38,-0.0015689,63,62,-1.1543e-11,1.4003e-08,-1.2317e-06,0,7.8414e-19,-1.8863e-12,-1.2932e-08,1.2172e-06,-2.647e-23,-0.0015689
38,-0.0011767,54,54,-7.2386e-12,1.5727e-08,-1.2317e-06,0,2.9689e-19,-7.2386e-12,-1.4164e-08,1.1895e-06,0,-0.0011767
38,-0.00078446,44,44,8.3188e-12,1.7686e-08,-1.1995e-06,0,7.7498e-21,8.3188e-12,-1.915e-08,1.2317e-06,0,-0.00078446
38,-0.00039223,31,31,-7.5451e-12,2.68e-08,-1.2317e-06,0,9.328e-20,7.5451e-12,-2.68e-08,1.2317e-06,0,-0.00039223
39,0.0037237,101,101,1.4738e-12,-7.5261e-09,1.1101e-06,-1.015e-37,-1.4013e-34,-1.4738e-12,7.5261e-09,-1.1101e-06,0,0.0037237
39,0.0033514,96,96,-2.0838e-12,-7.1759e-09,1.0717e-06,1.0588e-22,-7.0079e-20,-2.0838e-12,7.9761e-09,-1.1101e-06,-2.1176e-22,0.0033514
39,0.002979,90,90,8.4121e-13,-8.3242e-09,1.1101e-06,0,-6.178e-19,8.4121e-13,8.0214e-09,-1.0965e-06,4.8148e-35,0.002979
39,0.0026066,84,84,-2.6761e-13,-8.7507e-09,1.1064e-06,-6.6174e-24,4.0776e-21,-2.6761e-13,8.8406e-09,-1.1101e-06,0,0.0026066
39,0.0022342,78,78,-1.3882e-12,-9.1997e-09,1.0933e-06,0,-5.0527e-21,-1.3882e-12,9.6328e-09,-1.1101e-06,1.0164e-20,0.0022342
39,0.0018619,71,71,4.1819e-13,-1.0463e-08,1.1101e-06,0,9.5503e-19,-4.1819e-13,1.0463e-08,-1.1101e-06,-3.3881e-21,0.0018619
39,0.0014895,64,64,4.6887e-12,-1.1964e-08,1.1101e-06,0,-4.5337e-19,4.6887e-12,1.0764e-08,-1.0717e-06,0,0.0014895
39,0.0011171,55,55,-7.4532e-13,-1.3347e-08,1.1056e-06,0,-2.3521e-22,-7.4532e-13,1.3511e-08,-1.1101e-06,0,0.0011171
39,0.00074475,45,45,-3.3648e-12,-1.6043e-08,1.0965e-06,0,2.4257e-21,-3.3648e-12,1.6648e-08,-1.1101e-06,0,0.00074475
39,0.00037237,33,32,7.7429e-11,-2.5834e-08,1.1101e-06,0,-3.2823e-20,1.8755e-11,2.1528e-08,-1.0717e-06,0,0.00037237
39,-0.0037237,101,101,1.4738e-12,6.9307e-09,-1.0801e-06,9.6296e-35,-9.1426e-20,-1.4738e-12,-6.9307e-09,1.0801e-06,-2.1176e-22,-0.0037237
39,-0.0033514,96,96,2.0838e-12,7.1759e-09,-1.0717e-06,-6.7408e-34,-9.3475e-20,-2.0838e-12,-7.1759e-09,1.0717e-06,-1.0588e-22,-0.0033514
39,-0.002979,90,90,-8.4121e-13,8.3242e-09,-1.1101e-06,0,6.178e-19,-8.4121e-13,-8.0214e-09,1.0965e-06,0,-0.002979
39,-0.0026066,84,84,-2.6761e-13,8.8406e-09,-1.1101e-06,6.6174e-24,2.0456e-21,-2.6761e-13,-8.7507e-09,1.1064e-06,0,-0.0026066
39,-0.0022342,78,78,1.3882e-12,9.1997e-09,-1.0933e-06,0,5.0527e-21,-1.3882e-12,-9.1997e-09,1.0933e-06,0,-0.0022342
39,-0.0018619,71,71,4.1819e-13,1.0345e-08,-1.1059e-06,4.8148e-35,5.8694e-21,-4.1819e-13,-1.0345e-08,1.1059e-06,3.3881e-21,-0.0018619
39,-0.0014895,64,64,-4.6887e-12,1.1964e-08,-1.1101e-06,0,4.5337e-19,4.6887e-12,-1.1964e-08,1.1101e-06,0,-0.0014895
39,-0.0011171,55,55,7.4532e-13,1.3347e-08,-1.1056e-06,0,2.3521e-22,-7.4532e-13,-1.3347e-08,1.1056e-06,0,-0.0011171
39,-0.00074475,45,45,-3.3648e-12,1.6648e-08,-1.1101e-06,0,4.8069e-20,3.3648e-12,-1.6648e-08,1.1101e-06,0,-0.00074475
39,-0.00037237,33,32,-7.7429e-11,2.5834e-08,-1.1101e-06,0,3.2823e-20,1.8755e-11,-2.3928e-08,1.1101e-06,0,-0.00037237
40,0.0035399,103,103,2.0934e-13,-6.5221e-09,1.0032e-06,7.2415e-32,1.3385e-32,-2.0934e-13,6.5221e-09,-1.0032e-06,-2.2718e-35,0.0035399
40,0.0031859,98,98,-8.379e-13,-6.6057e-09,9.8713e-07,5.294e-23,1.6227e-20,8.379e-13,6.6057e-09,-9.8713e-07,0,0.0031859
40,0.0028319,93,93,-2.4219e-12,-6.5909e-09,9.6133e-07,-1.9259e-34,-3.7299e-20,2.4219e-12,6.5909e-09,-9.6133e-07,0,0.0028319
40,0.0024779,87,87,-2.7868e-12,-7.041e-09,9.6104e-07,0,-9.2158e-20,-2.7868e-12,8.0108e-09,-1.0032e-06,0,0.0024779
40,0.0021239,80,80,-1.1926e-12,-8.1058e-09,9.8796e-07,-2.647e-23,-1.9286e-20,-1.1926e-12,8.4874e-09,-1.0032e-06,0,0.0021239
40,0.0017699,73,73,-1.2803e-12,-8.9126e-09,9.8958e-07,1.9259e-34,-7.9307e-21,-1.2803e-12,9.2865e-09,-1.0032e-06,2.647e-23,0.0017699
40,0.001416,66,66,6.4394e-12,-1.07e-08,1.0032e-06,0,-5.3723e-19,-6.4394e-12,1.07e-08,-1.0032e-06,0,0.001416
40,0.001062,57,57,6.9706e-12,-1.2263e-08,1.0032e-06,0,-5.0462e-19,-6.9706e-12,1.2263e-08,-1.0032e-06,0,0.001062
40,0.00070798,46,46,-3.7903e-26,-1.4539e-08,1.0032e-06,8.0031e-09,3.4796e-10,-4.6012e-24,1.4539e-08,-1.0032e-06,-8.0031e-09,0.00070798
40,0.00035399,33,33,2.5758e-11,-2.14e-08,1.0032e-06,0,-3.1234e-20,2.5758e-11,1.8e-08,-9.4712e-07,1.6941e-21,0.00035399
40,-0.0035399,103,103,-2.0934e-13,6.5221e-09,-1.0032e-06,-1.3963e-31,-2.0161e-33,2.0934e-13,-6.5221e-09,1.0032e-06,-2.724e-48,-0.0035399
40,-0.0031859,98,98,-8.379e-13,6.9341e-09,-1.0032e-06,-5.8321e-36,1.6577e-21,-8.379e-13,-6.6057e-09,9.8713e-07,0,-0.0031859
40,-0.0028319,93,93,-2.4219e-12,7.4919e-09,-1.0032e-06,0,-9.9394e-21,-2.4219e-12,-6.5909e-09,9.6133e-07,0,-0.0028319
40,-0.0024779,87,87,2.7868e-12,7.041e-09,-9.6104e-07,0,9.2158e-20,-2.7868e-12,-7.041e-09,9.6104e-07,0,-0.0024779
40,-0.0021239,80,81,1.1926e-12,8.1058e-09,-9.8796e-07,-1.9259e-34,-4.3327e-20,-4.8869e-12,-7.2014e-09,9.391e-07,0,-0.0021239
40,-0.0017699,73,75,1.2803e-12,8.9126e-09,-9.8958e-07,0,7.9307e-21,-1.0534e-11,-6.8107e-09,8.8471e-07,0,-0.0017699
40,-0.001416,66,66,-6.4394e-12,1.07e-08,-1.0032e-06,0,5.3723e-19,6.4394e-12,-1.07e-08,1.0032e-06,-6.7763e-21,-0.001416
40,-0.001062,57,58,-6.9706e-12,1.2263e-08,-1.0032e-06,0,5.0462e-19,-1.6697e-11,-8.9488e-09,8.9089e-07,2.1176e-22,-0.001062
40,-0.00070798,46,46,-1.0133e-25,1.4539e-08,-1.0032e-06,-8.0031e-09,-3.4796e-10,4.6012e-24,-1.4539e-08,1.0032e-06,8.0031e-09,-0.00070798
40,-0.00035399,33,33,-2.5758e-11,2.14e-08,-1.0032e-06,0,3.1234e-20,-2.5758e-11,-1.8e-08,9.4712e-07,-1.6941e-21,-0.00035399
41,0.0033693,106,106,8.2497e-13,-5.8328e-09,9.0887e-07,-2.4652e-32,3.6207e-32,-8.2497e-13,5.8328e-09,-9.0887e-07,6.7763e-21,0.0033693
41,0.0030324,101,101,-1.6746e-12,-5.5481e-09,8.7471e-07,-1.9373e-34,1.0389e-19,-1.6746e-12,6.2247e-09,-9.0887e-07,1.0588e-22,0.0030324
41,0.0026954,95,95,1.4269e-12,-6.5588e-09,9.0887e-07,0,-6.7953e-19,-1.4269e-12,6.5588e-09,-9.0887e-07,6.7763e-21,0.0026954
41,0.0023585,89,89,-1.9703e-12,-6.3404e-09,8.7766e-07,0,-1.6706e-20,-1.9703e-12,7.0418e-09,-9.0887e-07,0,0.0023585
41,0.0020216,82,82,1.0284e-12,-7.5016e-09,9.0887e-07,0,-9.4201e-19,1.0284e-12,7.1643e-09,-8.9504e-07,0,0.0020216
41,0.0016847,75,75,-1.8469e-12,-7.7095e-09,8.8809e-07,0,1.4595e-21,-1.8469e-12,8.2635e-09,-9.0887e-07,0,0.0016847
41,0.0013477,67,67,1.8238e-12,-9.2064e-09,9.0887e-07,0,-2.6322e-19,-1.8238e-12,9.2064e-09,-9.0887e-07,2.647e-23,0.0013477
41,0.0010108,58,58,-2.2149e-12,-1.0104e-08,8.9397e-07,0,-1.2795e-22,-2.2149e-12,1.0618e-08,-9.0887e-07,0,0.0010108
41,0.00067386,48,48,1.3649e-11,-1.3497e-08,9.0887e-07,0,-9.9103e-20,-1.3649e-11,1.3497e-08,-9.0887e-07,0,0.00067386
41,0.00033693,34,34,2.983e-11,-1.9173e-08,9.0887e-07,0,1.5247e-20,-2.983e-11,1.9173e-08,-9.0887e-07,0,0.00033693
41,-0.0033693,106,106,-8.2497e-13,5.8328e-09,-9.0887e-07,2.6578e-32,-7.7037e-34,8.2497e-13,-5.8328e-09,9.0887e-07,-6.7763e-21,-0.0033693
41,-0.0030324,101,101,1.6746e-12,5.5481e-09,-8.7471e-07,1.9259e-34,-1.0389e-19,-1.6746e-12,-5.5481e-09,8.7471e-07,-1.0588e-22,-0.0030324
41,-0.0026954,95,95,-1.4269e-12,6.5588e-09,-9.0887e-07,0,6.7953e-19,-1.4269e-12,-6.0166e-09,8.8312e-07,0,-0.0026954
41,-0.0023585,89,89,1.9703e-12,6.3404e-09,-8.7766e-07,0,1.6706e-20,-1.9703e-12,-6.3404e-09,8.7766e-07,0,-0.0023585
41,-0.0020216,82,82,-1.0284e-12,7.5016e-09,-9.0887e-07,0,9.4201e-19,-1.0284e-12,-7.1643e-09,8.9504e-07,2.647e-23,-0.0020216
41,-0.0016847,75,76,-1.8469e-12,8.2635e-09,-9.0887e-07,0,1.0926e-18,-5.8652e-12,-6.7839e-09,8.4112e-07,1.0588e-22,-0.0016847
41,-0.0013477,67,67,-1.8238e-12,9.2064e-09,-9.0887e-07,0,2.6322e-19,-1.8238e-12,-8.7176e-09,8.925e-07,-2.647e-23,-0.0013477
41,-0.0010108,59,58,-1.0844e-11,1.1123e-08,-9.0887e-07,0,-2.8323e-19,-2.2149e-12,-1.0104e-08,8.9397e-07,0,-0.0010108
41,-0.00067386,48,48,-1.3649e-11,1.3497e-08,-9.0887e-07,0,9.9103e-20,1.3649e-11,-1.3497e-08,9.0887e-07,0,-0.00067386
41,-0.00033693,34,34,-2.983e-11,1.9173e-08,-9.0887e-07,0,-1.5247e-20,2.983e-11,-1.9173e-08,9.0887e-07,0,-0.00033693
42,0.0032108,109,109,-1.2306e-12,-4.6903e-09,7.9611e-07,0,1.5578e-20,1.2306e-12,4.6903e-09,-7.9611e-07,-3.1764e-22,0.0032108
42,0.0028897,103,103,7.7382e-13,-5.4484e-09,8.2535e-07,0,5.3257e-20,-7.7382e-13,5.4484e-09,-8.2535e-07,0,0.0028897
42,0.0025686,97,97,6.7662e-13,-5.76e-09,8.2535e-07,0,3.3267e-19,-6.7662e-13,5.76e-09,-8.2535e-07,6.7763e-21,0.0025686
42,0.0022475,91,91,1.3435e-12,-6.2096e-09,8.2535e-07,0,8.4703e-21,1.3435e-12,5.7205e-09,-8.031e-07,0,0.0022475
42,0.0019265,84,84,-8.8992e-13,-6.3511e-09,8.128e-07,0,-6.0224e-19,8.8992e-13,6.3511e-09,-8.128e-07,0,0.0019265
42,0.0016054,77,77,-2.2008e-12,-6.694e-09,7.9926e-07,0,1.1861e-20,-2.2008e-12,7.3719e-09,-8.2535e-07,0,0.0016054
42,0.0012843,69,69,3.3786e-12,-8.2853e-09,8.2535e-07,0,1.1393e-19,3.3786e-12,7.3528e-09,-7.9318e-07,0,0.0012843
42,0.00096323,60,60,6.2947e-12,-9.6742e-09,8.2535e-07,0,-9.1268e-20,6.2947e-12,8.1635e-09,-7.8003e-07,0,0.00096323
42,0.00064215,49,49,-9.5773e-12,-9.9779e-09,7.7936e-07,0,-1.5262e-20,-9.5773e-12,1.1855e-08,-8.2535e-07,0,0.00064215
42,0.00032108,36,35,6.3364e-11,-1.8326e-08,8.2535e-07,0,-1.2473e-19,-3.1871e-11,1.7208e-08,-8.2535e-07,-5.294e-23,0.00032108
42,-0.0032108,109,109,1.2306e-12,4.6903e-09,-7.9611e-07,0,-1.5578e-20,-1.2306e-12,-4.6903e-09,7.9611e-07,3.1764e-22,-0.0032108
42,-0.0028897,103,103,-7.7382e-13,5.4484e-09,-8.2535e-07,0,-5.3257e-20,7.7382e-13,-5.4484e-09,8.2535e-07,0,-0.0028897
42,-0.0025686,97,97,-6.7662e-13,5.76e-09,-8.2535e-07,0,-3.3267e-19,6.7662e-13,-5.76e-09,8.2535e-07,-6.7763e-21,-0.0025686
42,-0.0022475,91,91,-1.3435e-12,6.2096e-09,-8.2535e-07,0,-8.4703e-21,-1.3435e-12,-5.7205e-09,8.031e-07,0,-0.0022475
42,-0.0019265,84,84,8.8992e-13,6.3511e-09,-8.128e-07,0,-2.4203e-20,-8.8992e-13,-6.3511e-09,8.128e-07,2.647e-23,-0.0019265
42,-0.0016054,77,77,2.2008e-12,6.694e-09,-7.9926e-07,0,-1.1861e-20,-2.2008e-12,-6.694e-09,7.9926e-07,0,-0.0016054
42,-0.0012843,69,69,3.3786e-12,7.3528e-09,-7.9318e-07,0,2.1852e-20,-3.3786e-12,-7.3528e-09,7.9318e-07,0,-0.0012843
42,-0.00096323,60,61,-6.2947e-12,9.6742e-09,-8.2535e-07,0,9.1268e-20,-1.3105e-11,-6.8886e-09,7.2783e-07,0,-0.00096323
42,-0.00064215,49,49,9.5773e-12,9.9779e-09,-7.7936e-07,0,1.5262e-20,-9.5773e-12,-9.9779e-09,7.7936e-07,0,-0.00064215
42,-0.00032108,36,35,-6.3364e-11,1.8326e-08,-8.2535e-07,0,1.2473e-19,-3.1871e-11,-1.2746e-08,7.4727e-07,-1.0588e-22,-0.00032108
43,0.0030632,111,111,4.3603e-13,-4.5763e-09,7.5121e-07,0,-5.7799e-19,-4.3603e-13,4.5763e-09,-7.5121e-07,-3.3881e-21,0.0030632
43,0.0027569,105,105,-9.5195e-14,-4.743e-09,7.4912e-07,6.6174e-24,-5.7282e-21,-9.5195e-14,4.7829e-09,-7.5121e-07,0,0.0027569
43,0.0024505,99,99,-1.1489e-13,-5.0284e-09,7.4896e-07,6.6174e-24,-4.3617e-21,1.1489e-13,5.0284e-09,-7.4896e-07,0,0.0024505
43,0.0021442,93,93,-8.6344e-13,-5.1709e-09,7.3628e-07,0,-1.3298e-20,-8.6344e-13,5.4921e-09,-7.5121e-07,2.647e-23,0.0021442
43,0.0018379,86,86,7.7275e-13,-5.912e-09,7.5121e-07,0,-2.1536e-19,-7.7275e-13,5.912e-09,-7.5121e-07,1.0164e-20,0.0018379
43,0.0015316,79,79,-2.4023e-12,-5.8333e-09,7.2123e-07,-4.8148e-35,-4.1784e-20,2.4023e-12,5.8333e-09,-7.2123e-07,1.9259e-34,0.0015316
43,0.0012253,70,70,-2.1419e-13,-7.1144e-09,7.4912e-07,-2.4074e-35,4.8089e-21,-2.1419e-13,7.1744e-09,-7.5121e-07,0,0.0012253
43,0.00091895,61,61,-2.7743e-12,-7.7587e-09,7.3057e-07,0,-1.6022e-21,-2.7743e-12,8.4356e-09,-7.5121e-07,0,0.00091895
43,0.00061263,50,50,6.4211e-12,-1.0444e-08,7.5121e-07,0,1.3341e-20,-6.4211e-12,1.0444e-08,-7.5121e-07,0,0.00061263
43,0.00030632,35,35,-8.5675e-13,-1.4229e-08,7.4912e-07,0,-5.6146e-22,8.5675e-13,1.4229e-08,-7.4912e-07,0,0.00030632
43,-0.0030632,111,111,-4.3603e-13,4.5763e-09,-7.5121e-07,0,5.7799e-19,4.3603e-13,-4.5763e-09,7.5121e-07,3.3881e-21,-0.0030632
43,-0.0027569,105,105,-9.5195e-14,4.7829e-09,-7.5121e-07,0,-1.2851e-18,9.5195e-14,-4.7829e-09,7.5121e-07,0,-0.0027569
43,-0.0024505,99,101,1.1489e-13,5.0284e-09,-7.4896e-07,0,-1.1918e-21,-2.9937e-12,-4.1522e-09,6.9014e-07,0,-0.0024505
43,-0.0021442,93,93,8.6344e-13,5.1709e-09,-7.3628e-07,0,1.3298e-20,8.6344e-13,-5.4921e-09,7.5121e-07,-6.7763e-21,-0.0021442
43,-0.0018379,86,86,-7.7275e-13,5.912e-09,-7.5121e-07,0,2.1536e-19,-7.7275e-13,-5.6461e-09,7.3978e-07,0,-0.0018379
43,-0.0015316,79,79,-2.4023e-12,6.5924e-09,-7.5121e-07,0,6.2119e-19,-2.4023e-12,-5.8333e-09,7.2123e-07,-1.9259e-34,-0.0015316
43,-0.0012253,70,70,-2.1419e-13,7.1744e-09,-7.5121e-07,6.7763e-21,-1.4114e-19,-2.1419e-13,-7.1144e-09,7.4912e-07,0,-0.0012253
43,-0.00091895,61,61,2.7743e-12,7.7587e-09,-7.3057e-07,0,1.6022e-21,-2.7743e-12,-7.7587e-09,7.3057e-07,0,-0.00091895
43,-0.00061263,50,50,-6.4211e-12,1.0444e-08,-7.5121e-07,0,-1.3341e-20,-6.4211e-12,-9.16e-09,7.1911e-07,0,-0.00061263
43,-0.00030632,35,35,8.5675e-13,1.4229e-08,-7.4912e-07,0,5.6146e-22,-8.5675e-13,-1.4229e-08,7.4912e-07,1.6544e-24,-0.00030632
44,0.0029255,114,114,-7.608e-13,-3.7758e-09,6.6544e-07,-4.8148e-35,-1.4047e-19,-7.608e-13,4.1227e-09,-6.8522e-07,-3.0514e-38,0.0029255
44,0.002633,108,108,-6.8685e-13,-4.0319e-09,6.6919e-07,5.294e-23,5.4299e-20,-6.8685e-13,4.3286e-09,-6.8522e-07,0,0.002633
44,0.0023404,102,102,-9.9526e-13,-4.2078e-09,6.6451e-07,0,-2.2064e-20,9.9526e-13,4.2078e-09,-6.6451e-07,0,0.0023404
44,0.0020479,95,95,4.9693e-13,-4.8715e-09,6.8522e-07,0,-5.1632e-19,4.9693e-13,4.6826e-09,-6.7625e-07,0,0.0020479
44,0.0017553,88,88,-6.7318e-13,-5.0331e-09,6.7479e-07,-2.4074e-35,-4.0426e-21,6.7318e-13,5.0331e-09,-6.7479e-07,4.8148e-35,0.0017553
44,0.0014628,81,81,2.4954e-12,-5.9091e-09,6.8522e-07,0,-1.1489e-18,2.4954e-12,5.1006e-09,-6.5247e-07,0,0.0014628
44,0.0011702,72,72,1.5454e-12,-6.4929e-09,6.8522e-07,0,-6.2294e-19,-1.5454e-12,6.4929e-09,-6.8522e-07,-2.647e-23,0.0011702
44,0.00087766,62,62,6.7617e-14,-7.3735e-09,6.8522e-07,0,-7.8192e-20,-6.7617e-14,7.3735e-09,-6.8522e-07,0,0.00087766
44,0.0005851,51,51,3.9811e-12,-9.2278e-09,6.8522e-07,0,-6.8821e-22,3.9811e-12,8.4156e-09,-6.6451e-07,0,0.0005851
44,0.00029255,36,36,-6.1817e-12,-1.2096e-08,6.6919e-07,0,-7.0447e-21,-6.1817e-12,1.2986e-08,-6.8522e-07,0,0.00029255
44,-0.0029255,114,114,7.608e-13,3.7758e-09,-6.6544e-07,4.8148e-35,1.4047e-19,7.608e-13,-4.1227e-09,6.8522e-07,3.0514e-38,-0.0029255
44,-0.002633,108,108,6.8685e-13,4.0319e-09,-6.6919e-07,1.8056e-35,-2.8354e-20,-6.8685e-13,-4.0319e-09,6.6919e-07,-2.4074e-35,-0.002633
44,-0.0023404,102,102,9.9526e-13,4.2078e-09,-6.6451e-07,-2.8889e-34,5.114e-20,-9.9526e-13,-4.2078e-09,6.6451e-07,2.8889e-34,-0.0023404
44,-0.0020479,95,95,-4.9693e-13,4.8715e-09,-6.8522e-07,0,5.1632e-19,4.9693e-13,-4.8715e-09,6.8522e-07,0,-0.0020479
44,-0.0017553,88,88,-6.7318e-13,5.27e-09,-6.8522e-07,0,-1.6792e-19,-6.7318e-13,-5.0331e-09,6.7479e-07,2.647e-23,-0.0017553
44,-0.0014628,81,81,-2.4954e-12,5.9091e-09,-6.8522e-07,0,1.1489e-18,-2.4954e-12,-5.1006e-09,6.5247e-07,0,-0.0014628
44,-0.0011702,72,72,-1.5454e-12,6.4929e-09,-6.8522e-07,0,6.2294e-19,-1.5454e-12,-6.0479e-09,6.6919e-07,0,-0.0011702
44,-0.00087766,62,62,6.7617e-14,7.3567e-09,-6.847e-07,0,2.8582e-22,-6.7617e-14,-7.3567e-09,6.847e-07,0,-0.00087766
44,-0.0005851,51,51,3.9811e-12,8.4156e-09,-6.6451e-07,0,9.5771e-22,3.9811e-12,-9.2278e-09,6.8522e-07,0,-0.0005851
44,-0.00029255,36,36,-6.1817e-12,1.2986e-08,-6.8522e-07,0,1.1371e-19,6.1817e-12,-1.2986e-08,6.8522e-07,0,-0.00029255
45,0.0027969,116,116,2.0307e-13,-3.6309e-09,6.2631e-07,0,2.3839e-19,-2.0307e-13,3.6309e-09,-6.2631e-07,-2.512e-35,0.0027969
45,0.0025172,110,110,1.8154e-13,-3.8224e-09,6.2631e-07,0,-2.567e-19,1.8154e-13,3.7426e-09,-6.2191e-07,0,0.0025172
45,0.0022376,104,104,5.2555e-13,-4.0877e-09,6.2631e-07,0,-6.0457e-20,-5.2555e-13,4.0877e-09,-6.2631e-07,2.647e-23,0.0022376
45,0.0019579,97,97,2.1857e-13,-4.3328e-09,6.2631e-07,0,2.5358e-19,-2.1857e-13,4.3328e-09,-6.2631e-07,3.3881e-21,0.0019579
45,0.0016782,90,90,5.8826e-13,-4.7099e-09,6.2631e-07,0,-3.4808e-19,-5.8826e-13,4.7099e-09,-6.2631e-07,0,0.0016782
45,0.0013985,82,82,3.5122e-13,-5.1303e-09,6.2631e-07,0,-4.7751e-20,3.5122e-13,5.0151e-09,-6.2158e-07,0,0.0013985
45,0.0011188,74,74,2.4454e-12,-5.8837e-09,6.2631e-07,0,-1.7481e-19,-2.4454e-12,5.8837e-09,-6.2631e-07,0,0.0011188
45,0.00083908,64,64,2.8675e-12,-6.7687e-09,6.2631e-07,0,-2.5533e-19,-2.8675e-12,6.7687e-09,-6.2631e-07,0,0.00083908
45,0.00055939,52,52,2.1022e-12,-8.1753e-09,6.2631e-07,0,-1.7084e-19,2.1022e-12,7.7381e-09,-6.1494e-07,0,0.00055939
45,0.00027969,37,37,9.7817e-12,-1.1767e-08,6.2631e-07,0,-7.4804e-20,-9.7817e-12,1.1767e-08,-6.2631e-07,0,0.00027969
45,-0.0027969,116,116,-2.0307e-13,3.6309e-09,-6.2631e-07,0,-2.3839e-19,-2.0307e-13,-3.5367e-09,6.2084e-07,-2.647e-23,-0.0027969
45,-0.0025172,110,110,-1.8154e-13,3.8224e-09,-6.2631e-07,0,2.567e-19,-1.8154e-13,-3.7426e-09,6.2191e-07,0,-0.0025172
45,-0.0022376,104,104,-5.2555e-13,4.0877e-09,-6.2631e-07,0,6.0457e-20,5.2555e-13,-4.0877e-09,6.2631e-07,-3.3881e-21,-0.0022376
45,-0.0019579,97,97,-2.1857e-13,4.3328e-09,-6.2631e-07,0,-2.5358e-19,-2.1857e-13,-4.248e-09,6.2219e-07,0,-0.0019579
45,-0.0016782,90,90,-5.8826e-13,4.7099e-09,-6.2631e-07,0,3.4808e-19,-5.8826e-13,-4.4981e-09,6.1678e-07,2.647e-23,-0.0016782
45,-0.0013985,82,82,-3.5122e-13,5.1303e-09,-6.2631e-07,0,-4.7804e-20,-3.5122e-13,-5.0151e-09,6.2158e-07,0,-0.0013985
45,-0.0011188,75,74,-5.267e-12,6.0939e-09,-6.2631e-07,0,7.257e-19,-2.4454e-12,-5.1598e-09,5.9953e-07,5.294e-23,-0.0011188
45,-0.00083908,64,64,-2.8675e-12,6.7687e-09,-6.2631e-07,0,2.5533e-19,-2.8675e-12,-6.0347e-09,6.0282e-07,0,-0.00083908
45,-0.00055939,52,52,-2.1022e-12,8.1753e-09,-6.2631e-07,0,1.7084e-19,-2.1022e-12,-7.7381e-09,6.1494e-07,0,-0.00055939
45,-0.00027969,37,37,-9.7817e-12,1.1767e-08,-6.2631e-07,0,7.4804e-20,9.7817e-12,-1.1767e-08,6.2631e-07,0,-0.00027969
46,0.0026767,119,119,4.6239e-13,-3.2868e-09,5.736e-07,0,-6.0695e-19,-4.6239e-13,3.2868e-09,-5.736e-07,-2.351e-38,0.0026767
46,0.002409,113,113,5.9662e-13,-3.4739e-09,5.736e-07,0,-4.1769e-20,-5.9662e-13,3.4739e-09,-5.736e-07,3.3881e-21,0.002409
46,0.0021413,106,106,-1.6595e-13,-3.5606e-09,5.6987e-07,-3.9705e-23,-1.7667e-21,1.6595e-13,3.5606e-09,-5.6987e-07,-1.2037e-35,0.0021413
46,0.0018737,99,99,-8.7161e-15,-3.8603e-09,5.7343e-07,8.2718e-25,-3.309e-22,8.7161e-15,3.8603e-09,-5.7343e-07,0,0.0018737
46,0.001606,92,92,-5.1559e-13,-4.03e-09,5.6487e-07,0,1.0064e-20,-5.1559e-13,4.2197e-09,-5.736e-07,2.647e-23,0.001606
46,0.0013383,84,84,-6.4896e-13,-4.407e-09,5.6444e-07,-4.8148e-35,1.7649e-20,-6.4896e-13,4.625e-09,-5.736e-07,0,0.0013383
46,0.0010707,75,75,4.5797e-13,-5.1444e-09,5.736e-07,0,-6.9441e-19,-4.5797e-13,5.1444e-09,-5.736e-07,0,0.0010707
46,0.000803,65,65,8.0966e-13,-5.9532e-09,5.736e-07,0,1.6676e-19,-8.0966e-13,5.9532e-09,-5.736e-07,0,0.000803
46,0.00053533,53,53,6.638e-13,-7.262e-09,5.736e-07,0,1.1356e-19,-6.638e-13,7.262e-09,-5.736e-07,0,0.00053533
46,0.00026767,38,38,1.2122e-11,-1.0677e-08,5.736e-07,0,2.4829e-20,-1.2122e-11,1.0677e-08,-5.736e-07,0,0.00026767
46,-0.0026767,119,119,-4.6239e-13,3.2868e-09,-5.736e-07,0,6.0695e-19,-4.6239e-13,-3.0667e-09,5.605e-07,2.6002e-35,-0.0026767
46,-0.002409,113,113,5.9662e-13,3.2043e-09,-5.5836e-07,4.8102e-35,1.1501e-20,5.9662e-13,-3.4739e-09,5.736e-07,-3.3881e-21,-0.002409
46,-0.0021413,106,107,1.6595e-13,3.5606e-09,-5.6987e-07,-6.0185e-36,-9.7384e-21,-1.0919e-12,-3.2623e-09,5.4859e-07,0,-0.0021413
46,-0.0018737,99,99,-8.7161e-15,3.8638e-09,-5.736e-07,-4.1359e-25,-3.8386e-23,-8.7161e-15,-3.8603e-09,5.7343e-07,0,-0.0018737
46,-0.001606,92,92,5.1559e-13,4.03e-09,-5.6487e-07,-5.294e-23,2.944e-19,-5.1559e-13,-4.03e-09,5.6487e-07,2.647e-23,-0.001606
46,-0.0013383,84,84,6.4896e-13,4.407e-09,-5.6444e-07,4.8148e-35,-1.7649e-20,-6.4896e-13,-4.407e-09,5.6444e-07,0,-0.0013383
46,-0.0010707,75,75,4.5797e-13,5.007e-09,-5.6844e-07,0,-3.6192e-22,-4.5797e-13,-5.007e-09,5.6844e-07,0,-0.0010707
46,-0.000803,65,65,-8.0966e-13,5.9532e-09,-5.736e-07,0,-1.6676e-19,8.0966e-13,-5.9532e-09,5.736e-07,0,-0.000803
46,-0.00053533,53,53,-6.638e-13,7.262e-09,-5.736e-07,0,-1.1356e-19,-6.638e-13,-7.1212e-09,5.6987e-07,0,-0.00053533
46,-0.00026767,38,38,-1.2122e-11,1.0677e-08,-5.736e-07,0,-2.4829e-20,1.2122e-11,-1.0677e-08,5.736e-07,0,-0.00026767
47,0.002564,121,121,6.4755e-14,-2.9103e-09,5.2632e-07,0,-5.5671e-19,-6.4755e-14,2.9103e-09,-5.2632e-07,-2.4252e-36,0.002564
47,0.0023076,115,115,2.1617e-13,-3.0843e-09,5.2632e-07,0,-9.2909e-20,-2.1617e-13,3.0843e-09,-5.2632e-07,1.1911e-22,0.0023076
47,0.0020512,109,109,-7.0581e-13,-3.0139e-09,5.0954e-07,0,8.9346e-21,-7.0581e-13,3.3216e-09,-5.2632e-07,0,0.0020512
47,0.0017948,102,102,-8.4489e-13,-3.2102e-09,5.0874e-07,5.294e-23,-1.8729e-20,-8.4489e-13,3.5549e-09,-5.2632e-07,0,0.0017948
47,0.0015384,94,94,4.5317e-13,-3.7895e-09,5.2632e-07,0,-3.7677e-19,4.5317e-13,3.6191e-09,-5.1831e-07,0,0.0015384
47,0.001282,86,86,8.5332e-13,-4.1778e-09,5.2632e-07,0,-1.5014e-19,-8.5332e-13,4.1778e-09,-5.2632e-07,0,0.001282
47,0.0010256,77,77,-1.2449e-12,-4.3012e-09,5.1155e-07,0,-6.4322e-20,1.2449e-12,4.3012e-09,-5.1155e-07,-1.9259e-34,0.0010256
47,0.00076919,67,68,2.7323e-12,-5.4811e-09,5.2632e-07,0,-1.5019e-19,5.8982e-12,4.0904e-09,-4.7177e-07,0,0.00076919
47,0.00051279,56,55,-1.1403e-11,-4.5628e-09,4.5479e-07,0,-3.3832e-20,5.871e-12,5.5185e-09,-4.908e-07,0,0.00051279
47,0.0002564,39,39,-1.3545e-11,-7.5882e-09,4.8511e-07,0,1.1545e-20,-1.3545e-11,9.7012e-09,-5.2632e-07,0,0.0002564
47,-0.002564,121,121,-6.4755e-14,2.9103e-09,-5.2632e-07,0,5.5671e-19,-6.4755e-14,-2.8789e-09,5.2442e-07,1.2419e-22,-0.002564
47,-0.0023076,115,115,-2.1617e-13,3.0843e-09,-5.2632e-07,0,9.2909e-20,2.1617e-13,-3.0843e-09,5.2632e-07,0,-0.0023076
47,-0.0020512,109,109,7.0581e-13,3.0139e-09,-5.0954e-07,0,-8.9346e-21,-7.0581e-13,-3.0139e-09,5.0954e-07,5.294e-23,-0.0020512
47,-0.0017948,102,102,-8.4489e-13,3.5549e-09,-5.2632e-07,-5.294e-23,1.0968e-21,-8.4489e-13,-3.2102e-09,5.0874e-07,0,-0.0017948
47,-0.0015384,94,94,-4.5317e-13,3.7895e-09,-5.2632e-07,0,3.7677e-19,-4.5317e-13,-3.6191e-09,5.1831e-07,0,-0.0015384
47,-0.001282,86,86,-8.5332e-13,4.1778e-09,-5.2632e-07,6.7763e-21,-3.2346e-19,8.5332e-13,-4.1778e-09,5.2632e-07,-5.0822e-21,-0.001282
47,-0.0010256,77,77,1.2449e-12,4.3012e-09,-5.1155e-07,0,-6.7096e-21,-1.2449e-12,-4.3012e-09,5.1155e-07,2.647e-23,-0.0010256
47,-0.00076919,67,67,-2.7323e-12,5.4811e-09,-5.2632e-07,0,1.5019e-19,-2.7323e-12,-4.7488e-09,5.0178e-07,0,-0.00076919
47,-0.00051279,56,55,-1.1403e-11,7.1171e-09,-5.2632e-07,0,-1.0683e-19,-5.871e-12,-5.5185e-09,4.908e-07,0,-0.00051279
47,-0.0002564,39,39,-1.3545e-11,9.7012e-09,-5.2632e-07,0,-2.7317e-20,1.3545e-11,-9.7012e-09,5.2632e-07,0,-0.0002564
48,0.0024582,124,124,-2.7188e-13,-2.5112e-09,4.7545e-07,9.5905e-37,-1.9259e-34,-2.7188e-13,2.6461e-09,-4.8381e-07,4.5821e-35,0.0024582
48,0.0022124,118,118,-5.1199e-13,-2.5723e-09,4.6955e-07,-1.2037e-35,6.1446e-21,-5.1199e-13,2.8139e-09,-4.8381e-07,0,0.0022124
48,0.0019666,111,111,4.0311e-13,-2.9654e-09,4.8381e-07,0,-3.7105e-19,-4.0311e-13,2.9654e-09,-4.8381e-07,0,0.0019666
48,0.0017208,104,104,6.0298e-13,-3.1849e-09,4.8381e-07,0,-4.6481e-20,-6.0298e-13,3.1849e-09,-4.8381e-07,2.647e-23,0.0017208
48,0.0014749,96,96,-3.9939e-13,-3.2575e-09,4.7645e-07,0,-5.9689e-19,3.9939e-13,3.2575e-09,-4.7645e-07,-1.2037e-34,0.0014749
48,0.0012291,88,88,-9.8771e-13,-3.4334e-09,4.6851e-07,-9.6296e-35,-5.9314e-21,-9.8771e-13,3.7811e-09,-4.8381e-07,0,0.0012291
48,0.0009833,79,79,1.7855e-12,-4.2708e-09,4.8381e-07,0,-3.9879e-19,-1.7855e-12,4.2708e-09,-4.8381e-07,0,0.0009833
48,0.00073747,68,68,1.1553e-12,-4.848e-09,4.8381e-07,0,-1.5718e-19,-1.1553e-12,4.848e-09,-4.8381e-07,-2.647e-23,0.00073747
48,0.00049165,56,56,-4.2982e-12,-5.1177e-09,4.5685e-07,0,-1.2753e-20,-4.2982e-12,6.0806e-09,-4.8381e-07,0,0.00049165
48,0.00024582,40,40,1.4304e-11,-8.8263e-09,4.8381e-07,0,-4.2352e-20,-1.4304e-11,8.8263e-09,-4.8381e-07,0,0.00024582
48,-0.0024582,124,124,2.7188e-13,2.5112e-09,-4.7545e-07,-5.2914e-36,-1.5423e-37,-2.7188e-13,-2.5112e-09,4.7545e-07,-8.9667e-35,-0.0024582
48,-0.0022124,118,118,-5.1199e-13,2.8139e-09,-4.8381e-07,0,2.5956e-19,5.1199e-13,-2.8139e-09,4.8381e-07,0,-0.0022124
48,-0.0019666,111,111,-4.0311e-13,2.9654e-09,-4.8381e-07,0,3.7105e-19,4.0311e-13,-2.9654e-09,4.8381e-07,-3.3881e-21,-0.0019666
48,-0.0017208,104,104,-6.0298e-13,3.1849e-09,-4.8381e-07,0,4.6481e-20,6.0298e-13,-3.1849e-09,4.8381e-07,3.3881e-21,-0.0017208
48,-0.0014749,96,96,3.9939e-13,3.2575e-09,-4.7645e-07,0,5.9689e-19,-3.9939e-13,-3.2575e-09,4.7645e-07,1.2037e-34,-0.0014749
48,-0.0012291,88,88,9.8771e-13,3.4334e-09,-4.6851e-07,0,5.9314e-21,-9.8771e-13,-3.4334e-09,4.6851e-07,0,-0.0012291
48,-0.0009833,79,79,-1.7855e-12,4.2708e-09,-4.8381e-07,0,3.9879e-19,-1.7855e-12,-3.7066e-09,4.6152e-07,0,-0.0009833
48,-0.00073747,68,68,-1.1553e-12,4.848e-09,-4.8381e-07,0,1.5718e-19,-1.1553e-12,-4.5337e-09,4.7312e-07,0,-0.00073747
48,-0.00049165,56,56,4.2982e-12,5.1177e-09,-4.5685e-07,0,1.2753e-20,-4.2982e-12,-5.1177e-09,4.5685e-07,0,-0.00049165
48,-0.00024582,40,40,-1.4304e-11,8.8263e-09,-4.8381e-07,0,4.2352e-20,1.4304e-11,-8.8263e-09,4.8381e-07,0,-0.00024582
49,0.0023589,127,127,4.1805e-13,-2.4094e-09,4.4551e-07,0,-4.6492e-19,4.1805e-13,2.197e-09,-4.3202e-07,0,0.0023589
49,0.002123,120,120,2.2258e-13,-2.5106e-09,4.4551e-07,0,-5.2336e-19,-2.2258e-13,2.5106e-09,-4.4551e-07,-2.647e-23,0.002123
49,0.0018871,113,113,1.6692e-13,-2.6535e-09,4.4551e-07,0,-3.2717e-20,1.6692e-13,2.5781e-09,-4.4124e-07,1.2037e-35,0.0018871
49,0.0016513,106,106,-4.1138e-13,-2.6856e-09,4.3626e-07,2.4074e-35,2.4141e-20,-4.1138e-13,2.8601e-09,-4.4551e-07,0,0.0016513
49,0.0014154,98,98,-3.5292e-13,-2.9384e-09,4.3873e-07,5.294e-23,5.1875e-19,3.5292e-13,2.9384e-09,-4.3873e-07,0,0.0014154
49,0.0011795,90,90,1.0698e-12,-3.4284e-09,4.4551e-07,0,-2.4463e-19,-1.0698e-12,3.4284e-09,-4.4551e-07,0,0.0011795
49,0.00094357,80,80,5.0081e-13,-3.766e-09,4.4551e-07,0,8.0892e-20,-5.0081e-13,3.766e-09,-4.4551e-07,0,0.00094357
49,0.00070768,69,69,-5.2064e-27,-4.3044e-09,4.4551e-07,9.6046e-09,2.7839e-10,2.4557e-25,4.3044e-09,-4.4551e-07,-9.6046e-09,0.00070768
49,0.00047179,57,57,3.0396e-12,-5.4416e-09,4.4551e-07,0,-2.2415e-19,3.0396e-12,4.7486e-09,-4.2575e-07,-7.7037e-34,0.00047179
49,0.00023589,40,40,2.0032e-12,-7.5319e-09,4.4551e-07,0,-4.0658e-20,-2.0032e-12,7.5319e-09,-4.4551e-07,0,0.00023589
49,-0.0023589,127,127,-4.1805e-13,2.4094e-09,-4.4551e-07,0,4.6492e-19,-4.1805e-13,-2.197e-09,4.3202e-07,0,-0.0023589
49,-0.002123,120,120,-2.2258e-13,2.5106e-09,-4.4551e-07,0,5.2336e-19,2.2258e-13,-2.5106e-09,4.4551e-07,3.3881e-21,-0.002123
49,-0.0018871,113,113,-1.6692e-13,2.6535e-09,-4.4551e-07,0,3.2717e-20,1.6692e-13,-2.6535e-09,4.4551e-07,-3.3881e-21,-0.0018871
49,-0.0016513,106,106,4.1138e-13,2.6856e-09,-4.3626e-07,-2.4074e-35,-2.4141e-20,-4.1138e-13,-2.6856e-09,4.3626e-07,0,-0.0016513
49,-0.0014154,98,98,-3.5292e-13,3.0768e-09,-4.4551e-07,0,-2.945e-19,-3.5292e-13,-2.9384e-09,4.3873e-07,0,-0.0014154
49,-0.0011795,90,90,-1.0698e-12,3.4284e-09,-4.4551e-07,0,2.4463e-19,-1.0698e-12,-3.0433e-09,4.2817e-07,5.294e-23,-0.0011795
49,-0.00094357,80,80,-5.0081e-13,3.766e-09,-4.4551e-07,0,8.0945e-20,-5.0081e-13,-3.6057e-09,4.391e-07,4.8148e-35,-0.00094357
49,-0.00070768,69,69,3.3535e-26,4.3044e-09,-4.4551e-07,-9.6046e-09,-2.7839e-10,-2.4557e-25,-4.3044e-09,4.4551e-07,9.6046e-09,-0.00070768
49,-0.00047179,57,57,-3.0396e-12,5.4416e-09,-4.4551e-07,0,2.2415e-19,-3.0396e-12,-4.7486e-09,4.2575e-07,0,-0.00047179
49,-0.00023589,40,40,2.0032e-12,7.2114e-09,-4.391e-07,0,-1.7698e-21,-2.0032e-12,-7.2114e-09,4.391e-07,0,-0.00023589
50,0.0022655,129,129,1.5007e-13,-2.1494e-09,4.1092e-07,0,-9.5079e-20,-1.5007e-13,2.1494e-09,-4.1092e-07,-1.4664e-34,0.0022655
50,0.002039,122,122,-4.9607e-27,-2.2455e-09,4.1092e-07,2.1104e-09,3.4596e-11,-1.5144e-25,2.2455e-09,-4.1092e-07,-2.1104e-09,0.002039
50,0.0018124,115,115,-8.9127e-27,-2.3821e-09,4.1092e-07,8.2082e-09,1.4275e-10,5.2507e-25,2.3821e-09,-4.1092e-07,-8.2082e-09,0.0018124
50,0.0015859,108,108,-2.6003e-13,-2.4617e-09,4.0485e-07,0,2.0557e-20,-2.6003e-13,2.574e-09,-4.1092e-07,0,0.0015859
50,0.0013593,100,100,3.1263e-13,-2.7812e-09,4.1092e-07,0,-4.1505e-19,-3.1263e-13,2.7812e-09,-4.1092e-07,0,0.0013593
50,0.0011328,91,91,-6.6314e-14,-2.9943e-09,4.0982e-07,0,-1.3246e-21,-6.6314e-14,3.0185e-09,-4.1092e-07,0,0.0011328
50,0.00090621,82,82,9.8206e-13,-3.4482e-09,4.1092e-07,0,-3.0917e-20,-9.8206e-13,3.4482e-09,-4.1092e-07,2.1176e-22,0.00090621
50,0.00067966,71,71,1.2781e-12,-3.9794e-09,4.1092e-07,0,3.4861e-19,-1.2781e-12,3.9794e-09,-4.1092e-07,0,0.00067966
50,0.0004531,58,58,2.0344e-12,-4.8806e-09,4.1092e-07,0,-6.8186e-20,-2.0344e-12,4.8806e-09,-4.1092e-07,0,0.0004531
50,0.00022655,41,41,-3.9283e-12,-6.2521e-09,3.9771e-07,0,3.7675e-21,3.9283e-12,6.2521e-09,-3.9771e-07,-1.3235e-23,0.00022655
50,-0.0022655,129,129,-1.5007e-13,2.1494e-09,-4.1092e-07,0,9.5079e-20,1.5007e-13,-2.1494e-09,4.1092e-07,1.2326e-32,-0.0022655
50,-0.002039,122,122,4.961e-27,2.2455e-09,-4.1092e-07,-2.1104e-09,-3.4596e-11,1.5144e-25,-2.2455e-09,4.1092e-07,2.1104e-09,-0.002039
50,-0.0018124,115,115,-1.5817e-26,2.3821e-09,-4.1092e-07,-8.2082e-09,-1.4275e-10,-5.2507e-25,-2.3821e-09,4.1092e-07,8.2082e-09,-0.0018124
50,-0.0015859,108,108,-2.6003e-13,2.574e-09,-4.1092e-07,-1.3235e-23,-3.0109e-22,-2.6003e-13,-2.4617e-09,4.0485e-07,-1.2037e-35,-0.0015859
50,-0.0013593,100,100,-3.1263e-13,2.7812e-09,-4.1092e-07,0,4.1505e-19,-3.1263e-13,-2.6561e-09,4.0467e-07,1.3235e-23,-0.0013593
50,-0.0011328,91,91,-6.6314e-14,3.0185e-09,-4.1092e-07,0,-4.2881e-21,-6.6314e-14,-2.9943e-09,4.0982e-07,0,-0.0011328
50,-0.00090621,82,82,9.8206e-13,3.1261e-09,-3.9771e-07,0,5.4155e-21,-9.8206e-13,-3.1261e-09,3.9771e-07,0,-0.00090621
50,-0.00067966,71,71,1.2781e-12,3.6164e-09,-3.9803e-07,0,1.7939e-20,-1.2781e-12,-3.6164e-09,3.9803e-07,2.647e-23,-0.00067966
50,-0.0004531,58,58,2.0344e-12,4.4086e-09,-3.9723e-07,0,1.1753e-22,-2.0344e-12,-4.4086e-09,3.9723e-07,0,-0.0004531
50,-0.00022655,41,41,3.9283e-12,6.2521e-09,-3.9771e-07,0,-3.7675e-21,-3.9283e-12,-6.2521e-09,3.9771e-07,0,-0.00022655
